"Transcript"	"miRNA"	"UTR_length"	"site_position"	"Seed_kind"	"region12.17"	"Ghybrid"	"Gnucl"	"Gtotal"	"SiteAcc"	"UpsAcc"	"DwsAcc"	"UpAU"	"DwAU"	"site_conser"	"SiteBegin"	"line_prob"	"quad_prob"
"NM_017589"	"let-7a"	1000	"109-116"	"other"	0	-15.2	-0.312	-4.743	0.376	0.408	0.44	0.36	0.4	0.019625	7.78571428571429	0.978255530399692	0.97511035980049
"NM_017589"	"let-7a"	1000	"109-118"	"other"	0	-17.4	-0.312	-6.969	0.39	0.408	0.409	0.36	0.4	0.0241	7.78571428571429	0.978883363961481	0.983281917293125
"NM_017589"	"let-7a"	1000	"148-164"	"other"	0	-18.4	-5.149	-3.833	0.495	0.412	0.404	0.4	0.76	0.000588235294117647	10.5714285714286	0.997838569219308	0.99999996132534
"NM_017589"	"let-7a"	1000	"150-171"	"offset-6mer"	0	-16.3	-4.803	-1.359	0.482	0.431	0.345	0.36	0.72	0.000409090909090909	10.7142857142857	0.997782685518324	0.999999973091266
"NM_017589"	"let-7a"	1000	"150-176"	"offset-6mer"	0	-15.8	-4.265	3.517	0.426	0.431	0.375	0.36	0.68	0.00214814814814815	10.7142857142857	0.997394733289486	0.999999885698713
"NM_017589"	"let-7a"	1000	"68-81"	"other"	1	-15.8	-2.608	-5.181	0.604	0.375	0.423	0.52	0.4	0.00214285714285714	4.85714285714286	0.933928950768527	0.99313130272414
"NM_017589"	"let-7a"	1000	"75-91"	"other"	0	-18.6	-1.966	-2.257	0.411	0.527	0.406	0.52	0.36	0.000294117647058824	5.35714285714286	0.932244327747631	0.95979864636154
"NM_017589"	"let-7b"	1000	"103-114"	"other"	0	-16.5	-0.304	-2.54	0.315	0.469	0.473	0.44	0.4	0.00616666666666667	7.35714285714286	0.972612996715631	0.966712429225908
"NM_017589"	"let-7b"	1000	"103-116"	"other"	0	-20	-0.362	-3.008	0.354	0.469	0.44	0.44	0.4	0.0112142857142857	7.35714285714286	0.973746205274235	0.98264150324511
"NM_017589"	"let-7b"	1000	"103-118"	"other"	0	-22.2	-0.362	-5.218	0.366	0.469	0.409	0.44	0.4	0.0150625	7.35714285714286	0.974465538200956	0.988134460316708
"NM_017589"	"let-7b"	1000	"128-141"	"other"	0	-15.6	-0.568	1.953	0.398	0.486	0.446	0.32	0.36	0.000642857142857143	9.14285714285714	0.987655795254123	0.975558105080205
"NM_017589"	"let-7b"	1000	"128-143"	"other"	0	-16.4	-0.568	5.936	0.356	0.486	0.484	0.32	0.44	0.001	9.14285714285714	0.9890657241153	0.993962947304233
"NM_017589"	"let-7b"	1000	"128-155"	"other"	0	-19.5	-0.615	3.86	0.398	0.486	0.421	0.32	0.64	0.00157142857142857	9.14285714285714	0.99348043838154	0.999988279895897
"NM_017589"	"let-7b"	1000	"128-164"	"other"	0	-22.6	-5.412	2.508	0.42	0.486	0.404	0.32	0.76	0.00121621621621622	9.14285714285714	0.99517255108695	0.999999530460676
"NM_017589"	"let-7b"	1000	"147-171"	"offset-6mer"	0	-17.7	-4.711	-2.844	0.516	0.388	0.345	0.4	0.72	0.00052	10.5	0.997627730006002	0.999999974230216
"NM_017589"	"let-7b"	1000	"156-176"	"offset-6mer"	0	-19.7	-0.385	-3.25	0.432	0.392	0.375	0.36	0.68	0.00238095238095238	11.1428571428571	0.997935955354256	0.999999859056773
"NM_017589"	"let-7b"	1000	"23-47"	"other"	0	-15.3	-0.416	4.42	0.398	0.294	0.436	0.455	0.56	0.08	1.64285714285714	0.751202094711243	0.864857409944697
"NM_017589"	"let-7b"	1000	"66-81"	"other"	1	-16.2	-2.608	-4.303	0.545	0.366	0.423	0.56	0.4	0.001875	4.71428571428571	0.92725693031936	0.992570082862483
"NM_017589"	"let-7b"	1000	"67-91"	"other"	0	-20.1	-1.966	-3.751	0.534	0.363	0.406	0.56	0.36	0.00132	4.78571428571429	0.918498417986567	0.96912328174922
"NM_017589"	"let-7c"	1000	"103-116"	"other"	0	-18.8	-0.362	-1.808	0.354	0.469	0.44	0.44	0.4	0.0112142857142857	7.35714285714286	0.973646474884714	0.984313833906227
"NM_017589"	"let-7c"	1000	"103-118"	"other"	0	-21	-0.362	-4.018	0.366	0.469	0.409	0.44	0.4	0.0150625	7.35714285714286	0.974368497377302	0.989277685280436
"NM_017589"	"let-7c"	1000	"128-141"	"other"	0	-15.3	-0.568	2.253	0.398	0.486	0.446	0.32	0.36	0.000642857142857143	9.14285714285714	0.987643898887983	0.97629470096324
"NM_017589"	"let-7c"	1000	"128-143"	"other"	0	-16.1	-0.568	6.236	0.356	0.486	0.484	0.32	0.44	0.001	9.14285714285714	0.989055163722044	0.99415589254054
"NM_017589"	"let-7c"	1000	"128-155"	"other"	0	-19.2	-0.615	4.16	0.398	0.486	0.421	0.32	0.64	0.00157142857142857	9.14285714285714	0.993474112258928	0.999988688173856
"NM_017589"	"let-7c"	1000	"128-164"	"other"	0	-22.3	-5.412	2.808	0.42	0.486	0.404	0.32	0.76	0.00121621621621622	9.14285714285714	0.995167858450112	0.99999954769849
"NM_017589"	"let-7c"	1000	"156-171"	"offset-6mer"	0	-16.3	-4.711	-4.171	0.511	0.392	0.345	0.36	0.72	6.25e-05	11.1428571428571	0.998250730445828	0.99999998329778
"NM_017589"	"let-7c"	1000	"156-176"	"offset-6mer"	0	-17.6	-0.385	-1.15	0.432	0.392	0.375	0.36	0.68	0.00238095238095238	11.1428571428571	0.997921823493649	0.999999893175598
"NM_017589"	"let-7c"	1000	"67-91"	"other"	0	-19	-1.966	-2.651	0.534	0.363	0.406	0.56	0.36	0.00132	4.78571428571429	0.918231144861361	0.970833571011587
"NM_017589"	"let-7c"	1000	"68-81"	"other"	1	-15.8	-2.608	-5.181	0.604	0.375	0.423	0.52	0.4	0.00214285714285714	4.85714285714286	0.933928950768527	0.99313130272414
"NM_017589"	"let-7c"	1000	"96-114"	"other"	0	-15.3	-0.287	1.351	0.365	0.446	0.473	0.44	0.4	0.150421052631579	6.85714285714286	0.964979750582637	0.960399906707046
"NM_017589"	"let-7d"	1000	"103-118"	"other"	0	-17.3	-0.312	-0.318000000000001	0.366	0.469	0.409	0.44	0.4	0.0150625	7.35714285714286	0.974066917968616	0.992139065207599
"NM_017589"	"let-7d"	1000	"109-116"	"other"	0	-15	-0.312	-4.543	0.376	0.408	0.44	0.36	0.4	0.019625	7.78571428571429	0.97824171644079	0.975548243043431
"NM_017589"	"let-7d"	1000	"126-136"	"other"	0	-15.1	-0.221	-5.194	0.383	0.481	0.388	0.36	0.32	0.000363636363636364	9	0.986229583782196	0.970107070527641
"NM_017589"	"let-7d"	1000	"126-141"	"other"	0	-16.6	-0.221	0.114999999999998	0.373	0.481	0.446	0.36	0.36	0.0006875	9	0.986789568573257	0.975636664445453
"NM_017589"	"let-7d"	1000	"148-162"	"other"	0	-15.1	-3.261	-1.799	0.48	0.412	0.448	0.4	0.76	0.000666666666666667	10.5714285714286	0.997758603735245	0.99999991242687
"NM_017589"	"let-7d"	1000	"148-164"	"other"	0	-20.4	-5.149	-5.833	0.495	0.412	0.404	0.4	0.76	0.000588235294117647	10.5714285714286	0.997852560414705	0.999999949532239
"NM_017589"	"let-7d"	1000	"150-171"	"offset-6mer"	0	-16.3	-4.803	-1.359	0.482	0.431	0.345	0.36	0.72	0.000409090909090909	10.7142857142857	0.997782685518324	0.999999973091266
"NM_017589"	"let-7d"	1000	"150-177"	"offset-6mer"	0	-16.2	-4.255	1.948	0.413	0.431	0.389	0.36	0.64	0.00342857142857143	10.7142857142857	0.997115550084454	0.99999936112425
"NM_017589"	"let-7d"	1000	"65-81"	"other"	0	-15.7	-0.055	-2.959	0.513	0.371	0.423	0.56	0.4	0.00176470588235294	4.64285714285714	0.918203478588535	0.973455649595657
"NM_017589"	"let-7d"	1000	"75-90"	"other"	0	-19.6	-1.599	-3.423	0.396	0.527	0.414	0.52	0.4	0.0003125	5.35714285714286	0.93716888213182	0.971562945476415
"NM_017589"	"let-7e"	1000	"103-114"	"other"	0	-18.1	-0.287	-4.14	0.315	0.469	0.473	0.44	0.4	0.00616666666666667	7.35714285714286	0.97275092812994	0.961934673218165
"NM_017589"	"let-7e"	1000	"103-119"	"other"	0	-19.8	-2.255	-2.774	0.385	0.469	0.382	0.44	0.36	0.0158823529411765	7.35714285714286	0.972557956066431	0.987649753567364
"NM_017589"	"let-7e"	1000	"128-141"	"other"	0	-16	-0.15	1.553	0.398	0.486	0.446	0.32	0.36	0.000642857142857143	9.14285714285714	0.98767163868631	0.974540036659785
"NM_017589"	"let-7e"	1000	"128-143"	"other"	0	-16.8	-0.15	5.536	0.356	0.486	0.484	0.32	0.44	0.001	9.14285714285714	0.98907978825673	0.993695469304843
"NM_017589"	"let-7e"	1000	"148-156"	"other"	0	-17.3	-3.997	-6.291	0.45	0.412	0.446	0.4	0.64	0.001	10.5714285714286	0.99703358614259	0.999995381913639
"NM_017589"	"let-7e"	1000	"148-162"	"other"	0	-20.1	-3.997	-6.799	0.48	0.412	0.448	0.4	0.76	0.000666666666666667	10.5714285714286	0.99779470067311	0.999999828144932
"NM_017589"	"let-7e"	1000	"148-164"	"other"	0	-25.2	-5.384	-10.633	0.495	0.412	0.404	0.4	0.76	0.000588235294117647	10.5714285714286	0.997885755007264	0.999999903643425
"NM_017589"	"let-7e"	1000	"150-171"	"offset-6mer"	0	-20.7	-4.809	-5.759	0.482	0.431	0.345	0.36	0.72	0.000409090909090909	10.7142857142857	0.997814142206742	0.999999951997045
"NM_017589"	"let-7e"	1000	"150-176"	"6mer"	0	-19.1	-4.824	0.216999999999999	0.426	0.431	0.375	0.36	0.68	0.00214814814814815	10.7142857142857	0.997422510589866	0.999999825643515
"NM_017589"	"let-7e"	1000	"68-82"	"other"	1	-17.7	-3.021	-6.408	0.578	0.375	0.444	0.52	0.4	0.002	4.85714285714286	0.932425750849426	0.989944838624546
"NM_017589"	"let-7e"	1000	"75-91"	"other"	0	-21.3	-2.036	-4.957	0.411	0.527	0.406	0.52	0.36	0.000294117647058824	5.35714285714286	0.932794738058212	0.952438950567311
"NM_017589"	"let-7f"	1000	"150-171"	"offset-6mer"	0	-10.3	-1.871	4.641	0.482	0.431	0.345	0.36	0.72	0.000409090909090909	10.7142857142857	0.997739026822902	0.999999987584415
"NM_017589"	"let-7f"	1000	"150-176"	"offset-6mer"	0	-10.5	-0.738	8.817	0.426	0.431	0.375	0.36	0.68	0.00214814814814815	10.7142857142857	0.997349466043519	0.999999941288193
"NM_017589"	"let-7f"	1000	"68-91"	"other"	1	-16.6	-3.692	-0.251000000000001	0.545	0.375	0.406	0.52	0.36	0.001375	4.85714285714286	0.924500952117604	0.99163677673697
"NM_017589"	"let-7g"	1000	"140-158"	"other"	0	-16.7	-0.344	-2.491	0.333	0.412	0.477	0.4	0.68	0.00210526315789474	10	0.995981338616036	0.999993437013625
"NM_017589"	"let-7g"	1000	"140-164"	"other"	0	-18.5	-4.28	-2.293	0.413	0.412	0.404	0.4	0.76	0.00164	10	0.996936385088355	0.99999988965304
"NM_017589"	"let-7g"	1000	"150-171"	"offset-6mer"	0	-13.6	-2.085	1.341	0.482	0.431	0.345	0.36	0.72	0.000409090909090909	10.7142857142857	0.997763148991598	0.9999999810442
"NM_017589"	"let-7g"	1000	"150-176"	"offset-6mer"	0	-12.8	-1.073	6.517	0.426	0.431	0.375	0.36	0.68	0.00214814814814815	10.7142857142857	0.99736921024125	0.999999921749057
"NM_017589"	"let-7g"	1000	"58-81"	"other"	1	-18.8	-3.606	-3.084	0.467	0.266	0.423	0.6	0.4	0.00125	4.14285714285714	0.900141953776696	0.988644876354274
"NM_017589"	"let-7i"	1000	"109-119"	"other"	0	-15.1	-1.889	-4.624	0.417	0.408	0.382	0.36	0.36	0.0245454545454545	7.78571428571429	0.977437086739016	0.982994262879533
"NM_017589"	"let-7i"	1000	"147-161"	"other"	0	-15.5	-4.709	-3.161	0.473	0.388	0.462	0.4	0.72	8e-04	10.5	0.997429429504692	0.9999995206158
"NM_017589"	"let-7i"	1000	"147-164"	"other"	0	-16.6	-5.526	-2.836	0.506	0.388	0.404	0.4	0.76	0.000722222222222222	10.5	0.997763110507216	0.999999964828023
"NM_017589"	"let-7i"	1000	"147-166"	"other"	0	-18.2	-4.709	-4.551	0.514	0.388	0.381	0.4	0.76	0.00065	10.5	0.997810092448172	0.99999997489595
"NM_017589"	"let-7i"	1000	"147-168"	"other"	0	-20.7	-4.936	-6.096	0.516	0.388	0.351	0.4	0.72	0.000590909090909091	10.5	0.99764662776753	0.999999955384696
"NM_017589"	"let-7i"	1000	"147-171"	"offset-6mer"	0	-19.2	-5.207	-4.344	0.516	0.388	0.345	0.4	0.72	0.00052	10.5	0.997639255333707	0.99999996887257
"NM_017589"	"let-7i"	1000	"147-176"	"offset-6mer"	0	-18.4	-4.854	0.829000000000001	0.459	0.388	0.375	0.4	0.68	0.00206666666666667	10.5	0.997221675745016	0.999999876473914
"NM_017589"	"let-7i"	1000	"23-47"	"other"	0	-16.1	-0.514	3.62	0.398	0.294	0.436	0.455	0.56	0.08	1.64285714285714	0.751686623862959	0.861631000277109
"NM_017589"	"let-7i"	1000	"57-78"	"other"	0	-17	-1.904	-0.895	0.537	0.236	0.401	0.6	0.44	0.00136363636363636	4.07142857142857	0.903730991368577	0.98658461318517
"NM_017589"	"let-7i"	1000	"65-81"	"other"	1	-21.7	-3.606	-8.959	0.513	0.371	0.423	0.56	0.4	0.00176470588235294	4.64285714285714	0.924276574438592	0.988376464806808
"NM_017589"	"miR-103"	1000	"131-142"	"other"	1	-18.3	-0.295	-1.053	0.429	0.427	0.462	0.36	0.4	0.00116666666666667	9.35714285714286	0.990774404934916	0.999074920030708
"NM_017589"	"miR-103"	1000	"131-149"	"other"	1	-19.9	-0.295	-2.31	0.432	0.427	0.452	0.36	0.52	0.00184210526315789	9.35714285714286	0.993044367576043	0.99995663291067
"NM_017589"	"miR-103"	1000	"131-153"	"other"	1	-24.3	-0.295	-5.25	0.458	0.427	0.371	0.36	0.6	0.00165217391304348	9.35714285714286	0.994553311575958	0.99999856897617
"NM_017589"	"miR-103"	1000	"9-23"	"other"	0	-16.1	-0.08	-4.326	0.326	0.082	0.374	0.375	0.52	0.0042	0.642857142857143	0.613945078120699	0.672824073926899
"NM_017589"	"miR-106b"	1000	"134-150"	"other"	0	-16.9	-4.34	-2.475	0.464	0.403	0.429	0.44	0.56	0.002	9.57142857142857	0.994271029105652	0.99996838531425
"NM_017589"	"miR-106b"	1000	"134-154"	"other"	0	-18	-0.05	-1.431	0.457	0.403	0.405	0.44	0.6	0.00190476190476190	9.57142857142857	0.994777687854293	0.999993637312204
"NM_017589"	"miR-106b"	1000	"134-176"	"6mer"	0	-9.6	-0.256	14.066	0.435	0.403	0.375	0.44	0.68	0.00213953488372093	9.57142857142857	0.99540638576968	0.999999910452692
"NM_017589"	"miR-106b"	1000	"46-61"	"other"	0	-15	-1.9	-2.755	0.373	0.333	0.456	0.48	0.4	0.00975	3.28571428571429	0.82982883204307	0.842790882487015
"NM_017589"	"miR-106b-3p"	1000	"1-21"	"other"	0	-15.8	-0.044	2.563	0.191	0.076	0.428	1	0.52	0.00547619047619048	0.0714285714285714	0.568471867196921	0.323075052449286
"NM_017589"	"miR-106b-3p"	1000	"1-24"	"other"	0	-16.4	-0.044	1.894	0.263	0.076	0.36	1	0.56	0.00479166666666667	0.0714285714285714	0.610983460024439	0.339956550533292
"NM_017589"	"miR-106b-3p"	1000	"109-119"	"other"	0	-18.5	-3.382	-8.024	0.417	0.408	0.382	0.36	0.36	0.0245454545454545	7.78571428571429	0.977679133369114	0.977235949898537
"NM_017589"	"miR-106b-3p"	1000	"109-128"	"other"	0	-19	-3.382	-1.971	0.424	0.408	0.441	0.36	0.36	0.02215	7.78571428571429	0.976808708178516	0.962480151381993
"NM_017589"	"miR-106b-3p"	1000	"109-151"	"other"	0	-24.4	-5.974	7.803	0.436	0.408	0.396	0.36	0.6	0.0111395348837209	7.78571428571429	0.98644285955533	0.999959860267719
"NM_017589"	"miR-106b-3p"	1000	"137-144"	"other"	0	-16.9	-0.282	-2.79	0.235	0.428	0.502	0.44	0.48	0.001875	9.78571428571429	0.992499597201914	0.996937417272655
"NM_017589"	"miR-106b-3p"	1000	"59-73"	"other"	0	-15.2	-0.654	0.515000000000001	0.489	0.295	0.444	0.64	0.4	0.00146666666666667	4.21428571428571	0.89896876961967	0.972070314451485
"NM_017589"	"miR-106b-3p"	1000	"59-76"	"other"	0	-17.7	-0.654	-2.201	0.54	0.295	0.417	0.64	0.44	0.00161111111111111	4.21428571428571	0.911744938251	0.98625295997055
"NM_017589"	"miR-106b-3p"	1000	"97-111"	"other"	0	-17.7	-1.244	-0.951999999999998	0.381	0.462	0.455	0.4	0.44	0.133466666666667	6.92857142857143	0.969527496775075	0.980051907164216
"NM_017589"	"miR-107"	1000	"100-107"	"other"	0	-15.7	-0.08	-4.706	0.346	0.448	0.394	0.4	0.4	0.00175	7.14285714285714	0.970930966867965	0.98656706983242
"NM_017589"	"miR-107"	1000	"100-112"	"other"	0	-15.7	-0.08	-1.272	0.335	0.448	0.459	0.4	0.44	0.00215384615384615	7.14285714285714	0.972160090995019	0.985471284866352
"NM_017589"	"miR-107"	1000	"137-142"	"other"	1	-17.5	-0.295	-4.969	0.309	0.428	0.462	0.44	0.4	0.00216666666666667	9.78571428571429	0.992194694435344	0.999143076070158
"NM_017589"	"miR-107"	1000	"137-149"	"other"	1	-19.1	-0.295	-5.845	0.377	0.428	0.452	0.44	0.52	0.00261538461538462	9.78571428571429	0.994384287822584	0.999974985207488
"NM_017589"	"miR-107"	1000	"137-153"	"other"	1	-23.5	-0.295	-8.715	0.426	0.428	0.371	0.44	0.6	0.00217647058823529	9.78571428571429	0.995676644662852	0.999999355108915
"NM_017589"	"miR-107"	1000	"4-23"	"other"	0	-17	-0.08	3.818	0.273	0.027	0.374	0.333	0.52	0.00525	0.285714285714286	0.548486020286562	0.613372283226729
"NM_017589"	"miR-107"	1000	"52-77"	"other"	0	-15.5	-3.669	2.746	0.532	0.222	0.406	0.6	0.44	0.00115384615384615	3.71428571428571	0.885073556375654	0.982593966871043
"NM_017589"	"miR-107"	1000	"52-80"	"other"	0	-15.6	-3.669	2.646	0.487	0.222	0.407	0.6	0.4	0.00103448275862069	3.71428571428571	0.871764542209154	0.970164825242086
"NM_017589"	"miR-10a"	1000	"49-63"	"other"	0	-20.7	-1.062	-8.544	0.399	0.31	0.472	0.52	0.4	0.00133333333333333	3.5	0.850178028973289	0.840131317194964
"NM_017589"	"miR-10b"	1000	"39-63"	"other"	0	-16.1	-0.645	5.878	0.318	0.492	0.472	0.48	0.4	0.05768	2.78571428571429	0.781759609920912	0.77624993257946
"NM_017589"	"miR-125a-5p"	1000	"136-159"	"other"	1	-16.2	-0.086	-0.619	0.363	0.416	0.494	0.44	0.72	0.00175	9.71428571428571	0.996132795537746	0.999999777489513
"NM_017589"	"miR-125a-5p"	1000	"59-67"	"other"	0	-17.7	-0.645	-2.638	0.23	0.295	0.545	0.64	0.48	0	4.21428571428571	0.89520499030124	0.931190095292707
"NM_017589"	"miR-125a-5p"	1000	"59-73"	"other"	0	-18.2	-0.645	-2.485	0.489	0.295	0.444	0.64	0.4	0.00146666666666667	4.21428571428571	0.899848572439587	0.968169583456128
"NM_017589"	"miR-125b"	1000	"12-29"	"other"	0	-15.6	0	-4.735	0.406	0.132	0.348	0.273	0.64	0.00166666666666667	0.857142857142857	0.707964169103741	0.8256552151041
"NM_017589"	"miR-125b"	1000	"59-67"	"other"	0	-15.8	-0.413	-0.738000000000001	0.23	0.295	0.545	0.64	0.48	0	4.21428571428571	0.894625912065105	0.936849758918864
"NM_017589"	"miR-125b"	1000	"59-73"	"other"	0	-16.3	-0.413	-0.585000000000001	0.489	0.295	0.444	0.64	0.4	0.00146666666666667	4.21428571428571	0.899292194495025	0.970700301501928
"NM_017589"	"miR-126"	1000	"131-151"	"other"	0	-15	-4.101	3.443	0.466	0.427	0.396	0.36	0.6	0.00166666666666667	9.35714285714286	0.99400087624064	0.999992133125067
"NM_017589"	"miR-128"	1000	"126-145"	"other"	1	-15.2	-0.174	3.547	0.322	0.481	0.509	0.36	0.44	0.00135	9	0.98884688375041	0.998707957657042
"NM_017589"	"miR-128"	1000	"20-26"	"other"	0	-15.3	-4.569	-9.471	0.532	0.252	0.314	0.474	0.6	0	1.42857142857143	0.785855596540533	0.890332067914411
"NM_017589"	"miR-128"	1000	"20-33"	"other"	0	-15.4	-4.569	-5.18	0.456	0.252	0.353	0.474	0.64	0.00978571428571428	1.42857142857143	0.786380332763982	0.896545353705312
"NM_017589"	"miR-128"	1000	"20-36"	"other"	0	-16.8	-4.569	-7.684	0.485	0.252	0.343	0.474	0.6	0.0222352941176471	1.42857142857143	0.776150772992284	0.877121058481195
"NM_017589"	"miR-128"	1000	"20-39"	"other"	0	-17.3	-4.569	-8.015	0.496	0.252	0.284	0.474	0.56	0.03775	1.42857142857143	0.765561289915348	0.881703449338979
"NM_017589"	"miR-128"	1000	"62-77"	"other"	0	-16	0	-2.291	0.538	0.398	0.406	0.6	0.44	0.001875	4.42857142857143	0.920270756352174	0.986090496263075
"NM_017589"	"miR-130a"	1000	"104-142"	"other"	0	-15.6	-0.149	20.548	0.409	0.455	0.462	0.44	0.4	0.0117435897435897	7.42857142857143	0.973435862479296	0.997213933579212
"NM_017589"	"miR-130a"	1000	"137-150"	"other"	0	-17.7	-0.306	-4.14	0.398	0.428	0.429	0.44	0.56	0.00242857142857143	9.78571428571429	0.99464115024867	0.999958315754531
"NM_017589"	"miR-130a"	1000	"137-153"	"other"	0	-17.9	-0.306	-3.115	0.426	0.428	0.371	0.44	0.6	0.00217647058823529	9.78571428571429	0.995307502346637	0.999996693797682
"NM_017589"	"miR-130a"	1000	"24-53"	"other"	0	-16.1	-0.639	0.704999999999998	0.365	0.326	0.52	0.435	0.48	0.0680333333333333	1.71428571428571	0.712836349871775	0.703545578847316
"NM_017589"	"miR-130b"	1000	"104-138"	"other"	1	-15.1	-2.331	12.378	0.425	0.455	0.414	0.44	0.36	0.0127142857142857	7.42857142857143	0.974238703825624	0.999192411867528
"NM_017589"	"miR-130b"	1000	"104-142"	"other"	1	-17	-2.331	19.148	0.409	0.455	0.462	0.44	0.4	0.0117435897435897	7.42857142857143	0.975160765322672	0.999530999346558
"NM_017589"	"miR-130b"	1000	"137-152"	"other"	0	-17.1	-0.306	-2.807	0.445	0.428	0.373	0.44	0.64	0.002125	9.78571428571429	0.995767304891013	0.99999888380297
"NM_017589"	"miR-130b"	1000	"24-40"	"other"	0	-15.2	-0.18	-6.031	0.499	0.326	0.275	0.435	0.56	0.0551764705882353	1.71428571428571	0.789046901965839	0.916664646182475
"NM_017589"	"miR-130b"	1000	"24-53"	"other"	0	-15.3	-0.52	1.505	0.365	0.326	0.52	0.435	0.48	0.0680333333333333	1.71428571428571	0.712305215950487	0.70922300257347
"NM_017589"	"miR-130b"	1000	"45-61"	"other"	1	-16.2	-0.182	-0.737	0.352	0.396	0.456	0.48	0.4	0.0148235294117647	3.21428571428571	0.832043761931826	0.917534749775368
"NM_017589"	"miR-130b-5p"	1000	"1-23"	"other"	0	-15.6	0	2.74	0.241	0.076	0.374	1	0.52	0.005	0.0714285714285714	0.58297683894878	0.330190553284869
"NM_017589"	"miR-130b-5p"	1000	"1-6"	"7mer-A1"	0	-9.4	0	0.567	0.015	0.076	0.394	1	0.44	0.0045	0.0714285714285714	0.495923056974962	0.249783623576410
"NM_017589"	"miR-130b-5p"	1000	"137-148"	"other"	0	-16.5	-0.225	-4.079	0.33	0.428	0.486	0.44	0.48	0.00283333333333333	9.78571428571429	0.993078146725775	0.998416576591836
"NM_017589"	"miR-130b-5p"	1000	"137-150"	"other"	0	-17.9	-0.225	-4.34	0.398	0.428	0.429	0.44	0.56	0.00242857142857143	9.78571428571429	0.994644614478192	0.999957343020876
"NM_017589"	"miR-130b-5p"	1000	"180-193"	"offset-6mer"	0	-11.2	-0.082	-2.641	0.382	0.378	0.354	0.6	0.72	0.9965	12.8571428571429	0.999099042776083	0.999999861083518
"NM_017589"	"miR-130b-5p"	1000	"59-68"	"other"	0	-20.2	-0.525	-5.129	0.286	0.295	0.533	0.64	0.48	0	4.21428571428571	0.900210423938747	0.940433028348067
"NM_017589"	"miR-140-3p"	1000	"113-118"	"other"	0	-15.5	-2.545	-8.105	0.46	0.372	0.409	0.36	0.4	0.0378333333333333	8.07142857142857	0.982465124300446	0.988024815277067
"NM_017589"	"miR-140-3p"	1000	"113-121"	"other"	0	-15.8	-2.545	-7.793	0.522	0.372	0.361	0.36	0.4	0.0353333333333333	8.07142857142857	0.983559197894581	0.99632500894737
"NM_017589"	"miR-140-3p"	1000	"113-128"	"other"	0	-16	-2.545	-1.917	0.458	0.372	0.441	0.36	0.36	0.0268125	8.07142857142857	0.980183316769047	0.972193253064152
"NM_017589"	"miR-140-3p"	1000	"124-140"	"other"	0	-18.2	-0.373	-1.699	0.399	0.461	0.436	0.4	0.36	0.00252941176470588	8.85714285714286	0.986398332149988	0.984208802306455
"NM_017589"	"miR-140-3p"	1000	"124-142"	"other"	0	-22.7	-0.378	0.0820000000000007	0.379	0.461	0.462	0.4	0.4	0.00268421052631579	8.85714285714286	0.98717787208309	0.99034269655054
"NM_017589"	"miR-140-3p"	1000	"124-144"	"other"	0	-26.6	-0.378	-2.017	0.344	0.461	0.502	0.4	0.48	0.00252380952380952	8.85714285714286	0.988910058864452	0.99521896084348
"NM_017589"	"miR-140-3p"	1000	"19-27"	"other"	0	-15	-0.164	-8.415	0.452	0.235	0.314	0.444	0.64	0	1.35714285714286	0.78227558769528	0.89103928711297
"NM_017589"	"miR-148b"	1000	"115-143"	"other"	0	-16	-1.855	11.507	0.424	0.336	0.484	0.36	0.44	0.0132758620689655	8.21428571428571	0.983125527792535	0.996920913324833
"NM_017589"	"miR-151-3p"	1000	"1-14"	"other"	1	-16.2	-0.011	-0.247999999999999	0.142	0.076	0.472	1	0.52	0.00707142857142857	0.0714285714285714	0.573024324226118	0.362721967221463
"NM_017589"	"miR-151-3p"	1000	"139-155"	"other"	0	-16.3	-0.413	-0.534000000000001	0.386	0.407	0.421	0.44	0.64	0.00247058823529412	9.92857142857143	0.995752299743595	0.999997470371383
"NM_017589"	"miR-151-3p"	1000	"139-159"	"other"	0	-16.4	-0.096	-1.061	0.339	0.407	0.494	0.44	0.72	0.002	9.92857142857143	0.99622692220899	0.999997971524733
"NM_017589"	"miR-151-3p"	1000	"139-172"	"other"	0	-16.5	-0.838	2.678	0.446	0.407	0.352	0.44	0.72	0.00129411764705882	9.92857142857143	0.996676140395568	0.99999996228725
"NM_017589"	"miR-151-3p"	1000	"184-213"	"offset-6mer"	0	-12.2	-0.35	4.565	0.369	0.379	0.392	0.68	0.68	0.9982	13.1428571428571	0.999127658039605	0.999999859196753
"NM_017589"	"miR-151-3p"	1000	"32-53"	"other"	0	-16.4	-1.251	-0.225999999999999	0.298	0.523	0.52	0.44	0.48	0.0913636363636364	2.28571428571429	0.76442521470527	0.697272747773888
"NM_017589"	"miR-151-3p"	1000	"32-59"	"other"	0	-16.6	-1.505	1.973	0.336	0.523	0.484	0.44	0.4	0.0717857142857143	2.28571428571429	0.737671820255318	0.649369918299762
"NM_017589"	"miR-151-3p"	1000	"87-123"	"offset-6mer"	0	-17.7	-3.492	9.971	0.438	0.495	0.372	0.4	0.36	0.103918918918919	6.21428571428571	0.951363164694961	0.986724918569003
"NM_017589"	"miR-151-3p"	1000	"95-115"	"other"	0	-17.1	-1.214	1.042	0.387	0.416	0.446	0.48	0.36	0.157761904761905	6.78571428571429	0.961856724065863	0.959939615968265
"NM_017589"	"miR-151-5p"	1000	"11-27"	"other"	0	-17.7	-0.023	-6.676	0.383	0.117	0.314	0.3	0.64	0.00217647058823529	0.785714285714286	0.702993542932013	0.80653952747686
"NM_017589"	"miR-151-5p"	1000	"11-37"	"7mer-A1"	0	-20.5	-1.21	-9.298	0.43	0.117	0.325	0.3	0.56	0.0194074074074074	0.785714285714286	0.67132791357686	0.757507049661496
"NM_017589"	"miR-151-5p"	1000	"126-144"	"other"	0	-15.7	-0.208	5.909	0.321	0.481	0.502	0.36	0.48	0.001	9	0.98908541839826	0.997075552682912
"NM_017589"	"miR-151-5p"	1000	"140-160"	"other"	0	-17.1	-0.404	-2.612	0.354	0.412	0.472	0.4	0.68	0.00190476190476190	10	0.996052868343196	0.999994571382087
"NM_017589"	"miR-151-5p"	1000	"150-167"	"offset-6mer"	0	-17.3	-4.086	-3.339	0.472	0.431	0.365	0.36	0.72	5e-04	10.7142857142857	0.99776168712088	0.999999941663412
"NM_017589"	"miR-151-5p"	1000	"151-182"	"7mer-A1"	0	-13.5	-1.626	4.71	0.421	0.427	0.398	0.36	0.68	0.1268125	10.7857142857143	0.997383307423164	0.999999646386708
"NM_017589"	"miR-151-5p"	1000	"173-178"	"offset-6mer"	0	-6.5	-0.173	0.582	0.101	0.554	0.423	0.44	0.68	0.0288333333333333	12.3571428571429	0.998584975766928	0.999999826200695
"NM_017589"	"miR-151-5p"	1000	"175-180"	"offset-6mer"	0	-7.8	-0.252	-0.696	0.274	0.556	0.407	0.52	0.64	0.339166666666667	12.5	0.998713074210028	0.999999587481373
"NM_017589"	"miR-151-5p"	1000	"28-47"	"offset-6mer"	0	-17.6	-0.792	1.814	0.352	0.384	0.436	0.36	0.56	0.1	2	0.774095621422913	0.868258072183144
"NM_017589"	"miR-151-5p"	1000	"59-79"	"other"	0	-18.4	-4.384	-2.901	0.499	0.295	0.404	0.64	0.44	0.00142857142857143	4.21428571428571	0.909922580034111	0.985933951254608
"NM_017589"	"miR-15a"	1000	"128-153"	"other"	1	-15.4	-0.641	7.26	0.426	0.486	0.371	0.32	0.6	0.0015	9.14285714285714	0.993504060822938	0.999999225990465
"NM_017589"	"miR-15a"	1000	"181-202"	"other"	0	-15.2	-1.897	-2.38	0.378	0.368	0.36	0.64	0.68	0.998545454545455	12.9285714285714	0.999054251197682	0.999999722749725
"NM_017589"	"miR-15b"	1000	"120-153"	"other"	0	-17.6	-0.207	6.399	0.439	0.419	0.371	0.32	0.6	0.00623529411764706	8.57142857142857	0.99083042910408	0.99998583107465
"NM_017589"	"miR-15b"	1000	"180-189"	"other"	1	-15.6	-2.133	-8.935	0.443	0.378	0.361	0.6	0.68	0.9969	12.8571428571429	0.999130094411857	0.999999970267561
"NM_017589"	"miR-15b"	1000	"180-202"	"other"	1	-18.8	-2.133	-6.847	0.382	0.378	0.36	0.6	0.68	0.997782608695652	12.8571428571429	0.999084235741109	0.999999967460649
"NM_017589"	"miR-16"	1000	"111-128"	"other"	0	-15.4	-1.027	-0.529	0.424	0.396	0.441	0.36	0.36	0.0246111111111111	7.92857142857143	0.978218002147813	0.969092809808424
"NM_017589"	"miR-16"	1000	"136-153"	"other"	0	-15.8	-1.92	-0.662000000000001	0.449	0.416	0.371	0.44	0.6	0.00205555555555556	9.71428571428571	0.995173003734996	0.99999753745902
"NM_017589"	"miR-17"	1000	"113-134"	"other"	0	-15.1	-2.123	1.583	0.435	0.372	0.377	0.36	0.28	0.0195909090909091	8.07142857142857	0.976305506807697	0.962999292389765
"NM_017589"	"miR-17"	1000	"129-150"	"other"	0	-17.5	-4.113	2.043	0.426	0.471	0.429	0.32	0.56	0.00163636363636364	9.21428571428571	0.992607647120099	0.999898687100199
"NM_017589"	"miR-17"	1000	"129-154"	"other"	0	-18.6	-0.556	3.061	0.426	0.471	0.405	0.32	0.6	0.00161538461538462	9.21428571428571	0.993295297180782	0.999979862951988
"NM_017589"	"miR-17"	1000	"160-176"	"6mer"	0	-10	-4.065	-2.212	0.501	0.399	0.375	0.28	0.68	0.00294117647058824	11.4285714285714	0.998239129477736	0.999999855462834
"NM_017589"	"miR-17-3p"	1000	"2-23"	"other"	0	-16.5	-0.044	8.211	0.248	0.076	0.374	1	0.52	0.00513636363636364	0.142857142857143	0.588587531440474	0.344653882686392
"NM_017589"	"miR-17-3p"	1000	"39-62"	"other"	0	-16.5	-0.766	4.724	0.332	0.492	0.46	0.48	0.4	0.0600833333333333	2.78571428571429	0.784941829616272	0.78757191779748
"NM_017589"	"miR-17-3p"	1000	"97-121"	"other"	0	-15.3	-3.046	4.238	0.427	0.462	0.361	0.4	0.4	0.09336	6.92857142857143	0.96870931661454	0.99526722602003
"NM_017589"	"miR-181a"	1000	"136-150"	"other"	0	-15.4	-5.055	-1.482	0.427	0.416	0.429	0.44	0.56	0.00226666666666667	9.71428571428571	0.99450826314049	0.999971156543054
"NM_017589"	"miR-181a"	1000	"45-60"	"other"	0	-16.3	-0.257	-4.081	0.312	0.396	0.483	0.48	0.44	0.01575	3.21428571428571	0.831573913188133	0.816164672296644
"NM_017589"	"miR-181a"	1000	"45-64"	"other"	0	-16.7	-0.257	6.705	0.309	0.396	0.485	0.48	0.4	0.0126	3.21428571428571	0.812742373380756	0.82761434289113
"NM_017589"	"miR-181a"	1000	"45-67"	"other"	0	-17.8	-0.257	6.437	0.28	0.396	0.545	0.48	0.48	0.0109565217391304	3.21428571428571	0.832723665422666	0.860247982104225
"NM_017589"	"miR-181c"	1000	"45-63"	"other"	0	-15.4	-0.645	4.134	0.326	0.396	0.472	0.48	0.4	0.0132631578947368	3.21428571428571	0.816711001975961	0.832215773883403
"NM_017589"	"miR-181c"	1000	"45-68"	"other"	0	-17.3	-0.645	6.461	0.302	0.396	0.533	0.48	0.48	0.0105	3.21428571428571	0.8356760113971	0.877168733724838
"NM_017589"	"miR-182"	1000	"119-136"	"other"	0	-16.6	-2.229	-3.745	0.464	0.383	0.388	0.28	0.32	0.0113333333333333	8.5	0.982522717289452	0.95803344531799
"NM_017589"	"miR-182"	1000	"119-139"	"other"	0	-17.7	-2.229	-1.805	0.464	0.383	0.413	0.28	0.36	0.00980952380952381	8.5	0.983761156760347	0.976477720726795
"NM_017589"	"miR-183"	1000	"113-128"	"other"	0	-17.8	-1.861	-3.717	0.458	0.372	0.441	0.36	0.36	0.0268125	8.07142857142857	0.980296558498978	0.967494619589559
"NM_017589"	"miR-183"	1000	"52-62"	"other"	1	-15.1	-0.458	-4.042	0.494	0.222	0.46	0.6	0.4	0	3.71428571428571	0.879275463682799	0.978871432604352
"NM_017589"	"miR-183"	1000	"52-70"	"other"	1	-16.1	-0.458	1.591	0.431	0.222	0.505	0.6	0.44	0	3.71428571428571	0.880077353370137	0.980894957226409
"NM_017589"	"miR-186"	1000	"137-145"	"other"	0	-18.6	-0.349	-6.906	0.246	0.428	0.509	0.44	0.44	0.00255555555555556	9.78571428571429	0.99193575493086	0.984703990995819
"NM_017589"	"miR-186"	1000	"137-154"	"other"	0	-18.6	-0.349	-2.844	0.405	0.428	0.405	0.44	0.6	0.00222222222222222	9.78571428571429	0.995161296336724	0.999992628834697
"NM_017589"	"miR-186"	1000	"137-177"	"offset-6mer"	0	-15.1	-0.519	6.706	0.401	0.428	0.389	0.44	0.64	0.00317073170731707	9.78571428571429	0.995460127522183	0.999999358942947
"NM_017589"	"miR-186"	1000	"137-181"	"offset-6mer"	0	-15.1	-0.519	6.846	0.411	0.428	0.401	0.44	0.68	0.0687333333333333	9.78571428571429	0.995814812064994	0.999999594682718
"NM_017589"	"miR-186"	1000	"55-67"	"other"	0	-17.3	-0.352	-1.233	0.283	0.246	0.545	0.64	0.48	0	3.92857142857143	0.883844892301287	0.935372426434268
"NM_017589"	"miR-186"	1000	"9-17"	"other"	0	-17.6	-0.142	-9.058	0.243	0.082	0.462	0.375	0.48	0.007	0.642857142857143	0.571655341739738	0.548107527787337
"NM_017589"	"miR-186"	1000	"9-22"	"other"	0	-17.6	-0.142	-5.374	0.295	0.082	0.398	0.375	0.48	0.0045	0.642857142857143	0.584848192146972	0.617238640619271
"NM_017589"	"miR-186"	1000	"9-24"	"other"	0	-20.9	-0.611	-9.17	0.354	0.082	0.36	0.375	0.56	0.0039375	0.642857142857143	0.645146444663036	0.692721461901701
"NM_017589"	"miR-18a"	1000	"134-152"	"other"	0	-15.6	-0.02	-0.49	0.496	0.403	0.373	0.44	0.64	0.00178947368421053	9.57142857142857	0.995414759269815	0.999999085407
"NM_017589"	"miR-18a"	1000	"134-154"	"other"	0	-18.7	-0.02	-2.131	0.457	0.403	0.405	0.44	0.6	0.00190476190476190	9.57142857142857	0.994789501515343	0.999993116574874
"NM_017589"	"miR-18a"	1000	"148-176"	"6mer"	0	-6.7	-0.232	13.324	0.451	0.412	0.375	0.4	0.68	0.00203448275862069	10.5714285714286	0.997201145318569	0.999999974108876
"NM_017589"	"miR-18a"	1000	"54-69"	"other"	0	-16	-0.454	-0.0879999999999992	0.385	0.238	0.526	0.6	0.48	0	3.85714285714286	0.886606133787753	0.953137095299664
"NM_017589"	"miR-18a"	1000	"54-80"	"other"	0	-18	-0.454	-1.704	0.485	0.238	0.407	0.6	0.4	0.00111111111111111	3.85714285714286	0.881119891777674	0.968183517462664
"NM_017589"	"miR-18a"	1000	"9-27"	"other"	0	-16.8	-0.023	-5.102	0.37	0.082	0.314	0.375	0.64	0.00331578947368421	0.642857142857143	0.689753127833445	0.772178236228114
"NM_017589"	"miR-18a-3p"	1000	"1-10"	"other"	1	-15.1	0	-2.435	0.117	0.076	0.414	1	0.52	0.0078	0.0714285714285714	0.576224282174471	0.339763342927356
"NM_017589"	"miR-18a-3p"	1000	"1-14"	"other"	1	-17.8	0	-1.848	0.142	0.076	0.472	1	0.52	0.00707142857142857	0.0714285714285714	0.574292070122203	0.366968553007464
"NM_017589"	"miR-18a-3p"	1000	"1-17"	"other"	1	-18.2	0	-2.21	0.167	0.076	0.462	1	0.48	0.00676470588235294	0.0714285714285714	0.557712479842597	0.372909768748023
"NM_017589"	"miR-18a-3p"	1000	"1-23"	"other"	1	-18.2	0	0.140000000000001	0.241	0.076	0.374	1	0.52	0.005	0.0714285714285714	0.600626005753713	0.366980220498982
"NM_017589"	"miR-18a-3p"	1000	"1-25"	"other"	1	-19.2	0	-0.912	0.292	0.076	0.324	1	0.6	0.0046	0.0714285714285714	0.657771029446859	0.367920489781254
"NM_017589"	"miR-18a-3p"	1000	"1-29"	"other"	1	-19.3	0	-1.404	0.302	0.076	0.348	1	0.64	0.00413793103448276	0.0714285714285714	0.677807407807006	0.379432956005223
"NM_017589"	"miR-18a-3p"	1000	"139-152"	"other"	0	-15.3	-0.039	-0.837000000000002	0.454	0.407	0.373	0.44	0.64	0.00242857142857143	9.92857142857143	0.996044322780437	0.999999315387794
"NM_017589"	"miR-18a-3p"	1000	"139-159"	"other"	0	-16	-0.088	-0.661	0.339	0.407	0.494	0.44	0.72	0.002	9.92857142857143	0.99622202688044	0.999998070611444
"NM_017589"	"miR-18a-3p"	1000	"50-70"	"other"	1	-18.2	-1.9	1.858	0.396	0.318	0.505	0.56	0.44	0.000476190476190476	3.57142857142857	0.869277344179929	0.966957535910624
"NM_017589"	"miR-18a-3p"	1000	"60-67"	"other"	0	-16.3	0	-1.055	0.226	0.309	0.545	0.6	0.48	0	4.28571428571429	0.896526391092368	0.928213219289342
"NM_017589"	"miR-18a-3p"	1000	"60-76"	"other"	0	-20.1	0	-4.441	0.556	0.309	0.417	0.6	0.44	0.00170588235294118	4.28571428571429	0.9150116361965	0.983920931001282
"NM_017589"	"miR-18a-3p"	1000	"96-114"	"other"	0	-16.8	-0.221	-0.149000000000001	0.365	0.446	0.473	0.44	0.4	0.150421052631579	6.85714285714286	0.965143963133409	0.955958760092531
"NM_017589"	"miR-18a-3p"	1000	"96-121"	"other"	0	-18.7	-2.316	1.79	0.421	0.446	0.361	0.44	0.4	0.119846153846154	6.85714285714286	0.967985720106658	0.994849066855983
"NM_017589"	"miR-191"	1000	"118-156"	"other"	0	-17.1	-2.219	9.934	0.415	0.36	0.446	0.32	0.64	0.00730769230769231	8.42857142857143	0.990363576589827	0.999979898543754
"NM_017589"	"miR-196a"	1000	"10-26"	"other"	0	-16.6	-0.049	-5.328	0.406	0.077	0.314	0.333	0.6	0.00294117647058824	0.714285714285714	0.67993174898332	0.78576974844897
"NM_017589"	"miR-196a"	1000	"107-117"	"other"	0	-17.2	-2.498	-7.131	0.422	0.397	0.427	0.4	0.4	0.0183636363636364	7.64285714285714	0.978045692853236	0.984018064798864
"NM_017589"	"miR-196a"	1000	"138-163"	"other"	0	-15.7	-4.868	3.346	0.414	0.415	0.426	0.44	0.72	0.00165384615384615	9.85714285714286	0.99635852152772	0.999999781078634
"NM_017589"	"miR-196a"	1000	"155-172"	"7mer-A1"	0	-14.5	-1.834	1.271	0.48	0.393	0.352	0.36	0.72	0.000222222222222222	11.0714285714286	0.998107383412942	0.999999987575056
"NM_017589"	"miR-196a"	1000	"184-202"	"other"	0	-19.7	-1.49	-7.22	0.344	0.379	0.36	0.68	0.68	0.998894736842105	13.1428571428571	0.999156463579857	0.999999793631656
"NM_017589"	"miR-196a"	1000	"25-40"	"other"	0	-17	-1.021	-7.959	0.481	0.375	0.275	0.417	0.56	0.058625	1.78571428571429	0.793791003997013	0.91195311106374
"NM_017589"	"miR-196a"	1000	"25-46"	"other"	0	-19	-0.952	-1.065	0.381	0.375	0.397	0.417	0.52	0.0897727272727273	1.78571428571429	0.750819655269874	0.834539595511587
"NM_017589"	"miR-196a"	1000	"4-13"	"other"	0	-15.8	-0.045	2.087	0.189	0.027	0.438	0.333	0.48	0.0081	0.285714285714286	0.504738309520065	0.522545286644471
"NM_017589"	"miR-196a"	1000	"55-69"	"other"	0	-16.8	-1.233	-0.886000000000001	0.345	0.246	0.526	0.64	0.48	0	3.92857142857143	0.88914931377011	0.95416357506083
"NM_017589"	"miR-196a"	1000	"55-80"	"other"	0	-18.2	-3.339	-1.902	0.466	0.246	0.407	0.64	0.4	0.00115384615384615	3.92857142857143	0.885154950048319	0.971639592329818
"NM_017589"	"miR-196a"	1000	"95-115"	"other"	0	-15.5	-2.301	2.642	0.387	0.416	0.446	0.48	0.36	0.157761904761905	6.78571428571429	0.961665656900112	0.963865758478081
"NM_017589"	"miR-196b"	1000	"130-154"	"other"	0	-16.3	-0.091	4.743	0.427	0.47	0.405	0.36	0.6	0.00168	9.28571428571429	0.993596348689198	0.999989120300742
"NM_017589"	"miR-196b"	1000	"130-156"	"other"	0	-16.6	-0.044	4.511	0.398	0.47	0.446	0.36	0.64	0.00162962962962963	9.28571428571429	0.993927187169243	0.99998907762141
"NM_017589"	"miR-196b"	1000	"130-163"	"other"	0	-16.9	-3.991	5.506	0.427	0.47	0.426	0.36	0.72	0.00132352941176471	9.28571428571429	0.995069599402726	0.999999224803124
"NM_017589"	"miR-196b"	1000	"155-172"	"7mer-A1"	0	-14.5	-1.834	1.271	0.48	0.393	0.352	0.36	0.72	0.000222222222222222	11.0714285714286	0.998107383412942	0.999999987575056
"NM_017589"	"miR-196b"	1000	"184-202"	"other"	0	-16.7	-1.434	-4.22	0.344	0.379	0.36	0.68	0.68	0.998894736842105	13.1428571428571	0.999148168995037	0.99999984101229
"NM_017589"	"miR-196b"	1000	"2-11"	"other"	0	-16.5	-0.008	0.614999999999998	0.138	0.076	0.426	1	0.52	0.0088	0.142857142857143	0.569233462283669	0.333526097995457
"NM_017589"	"miR-196b"	1000	"2-13"	"other"	0	-20.5	-0.045	1.481	0.158	0.076	0.438	1	0.48	0.00741666666666667	0.142857142857143	0.548446331031346	0.333653318476412
"NM_017589"	"miR-196b"	1000	"25-46"	"other"	0	-17.6	-0.895	0.334999999999997	0.381	0.375	0.397	0.417	0.52	0.0897727272727273	1.78571428571429	0.749969758912912	0.841455594062039
"NM_017589"	"miR-196b"	1000	"50-65"	"other"	0	-18	-1.796	3.002	0.348	0.318	0.508	0.56	0.4	0.000625	3.57142857142857	0.845308164133556	0.86654391683692
"NM_017589"	"miR-196b"	1000	"55-68"	"other"	0	-20	-1.233	-4.082	0.32	0.246	0.533	0.64	0.48	0	3.92857142857143	0.888053115913026	0.940351359519418
"NM_017589"	"miR-196b"	1000	"55-77"	"other"	0	-20.8	-1.233	-4.502	0.514	0.246	0.406	0.64	0.44	0.00130434782608696	3.92857142857143	0.898244179644157	0.98177125897105
"NM_017589"	"miR-196b"	1000	"55-80"	"other"	0	-23.8	-1.233	-7.502	0.466	0.246	0.407	0.64	0.4	0.00115384615384615	3.92857142857143	0.886986591716256	0.96483953991158
"NM_017589"	"miR-196b"	1000	"95-115"	"other"	0	-19	-2.301	-0.858000000000001	0.387	0.416	0.446	0.48	0.36	0.157761904761905	6.78571428571429	0.962082374824914	0.954712503061833
"NM_017589"	"miR-19b"	1000	"18-28"	"other"	0	-15.1	-0.055	-8.003	0.458	0.184	0.344	0.412	0.6	0	1.28571428571429	0.754297821865044	0.861734204515589
"NM_017589"	"miR-19b"	1000	"59-70"	"other"	0	-16.7	0	-1.634	0.38	0.295	0.505	0.64	0.44	0	4.21428571428571	0.898265869293427	0.952841088561639
"NM_017589"	"miR-20a"	1000	"129-150"	"other"	0	-15.7	-4.113	3.843	0.426	0.471	0.429	0.32	0.56	0.00163636363636364	9.21428571428571	0.992564551867166	0.999917586086086
"NM_017589"	"miR-20a"	1000	"129-154"	"other"	0	-16.8	-0.556	4.861	0.426	0.471	0.405	0.32	0.6	0.00161538461538462	9.21428571428571	0.99325617466172	0.999983641881968
"NM_017589"	"miR-20a"	1000	"160-176"	"6mer"	0	-10.6	-4.065	-2.812	0.501	0.399	0.375	0.28	0.68	0.00294117647058824	11.4285714285714	0.99824256130994	0.999999842912397
"NM_017589"	"miR-21"	1000	"38-60"	"other"	0	-18.7	-0.685	-3.228	0.301	0.532	0.483	0.52	0.44	0.0675652173913043	2.71428571428571	0.796429965089932	0.744597573153
"NM_017589"	"miR-218"	1000	"185-207"	"other"	0	-15.4	-2.499	-1.565	0.381	0.386	0.326	0.72	0.64	0.99795652173913	13.2142857142857	0.999143023107662	0.999999916010778
"NM_017589"	"miR-218"	1000	"53-64"	"other"	0	-16.1	-2.047	-1.502	0.446	0.184	0.485	0.64	0.4	0	3.78571428571429	0.871261069132143	0.943557517946668
"NM_017589"	"miR-22"	1000	"118-149"	"other"	0	-18.4	-2.115	5.792	0.429	0.36	0.452	0.32	0.52	0.00865625	8.42857142857143	0.98762061016287	0.99947262415844
"NM_017589"	"miR-22"	1000	"118-154"	"6mer"	0	-19	-5.152	7.636	0.435	0.36	0.405	0.32	0.6	0.00764864864864865	8.42857142857143	0.989856217684202	0.999972253264161
"NM_017589"	"miR-22"	1000	"39-62"	"other"	0	-15.8	-0.664	5.424	0.332	0.492	0.46	0.48	0.4	0.0600833333333333	2.78571428571429	0.784558595912891	0.79246805974249
"NM_017589"	"miR-221"	1000	"100-112"	"other"	1	-15.9	-1.519	-1.472	0.335	0.448	0.459	0.4	0.44	0.00215384615384615	7.14285714285714	0.97386337468195	0.997373083666764
"NM_017589"	"miR-221"	1000	"107-116"	"other"	1	-17	-1.394	-6.839	0.42	0.397	0.44	0.4	0.4	0.0157	7.64285714285714	0.979230848936463	0.996913606465066
"NM_017589"	"miR-221"	1000	"107-122"	"other"	1	-17.7	-2.762	-6.357	0.474	0.397	0.367	0.4	0.4	0.0231875	7.64285714285714	0.98056924538238	0.99930848955126
"NM_017589"	"miR-221"	1000	"115-128"	"other"	0	-18.4	-3.159	-6.634	0.475	0.336	0.441	0.36	0.36	0.0263571428571429	8.21428571428571	0.981919173404012	0.965274058787334
"NM_017589"	"miR-221"	1000	"115-138"	"other"	0	-19.1	-3.159	-1.809	0.466	0.336	0.414	0.36	0.36	0.0154583333333333	8.21428571428571	0.981760331515696	0.986330914364924
"NM_017589"	"miR-221"	1000	"21-41"	"other"	0	-22	-7.269	-9.414	0.486	0.258	0.27	0.45	0.56	0.0558571428571429	1.5	0.770402846325444	0.887935576071067
"NM_017589"	"miR-221"	1000	"21-60"	"other"	0	-24.2	-7.316	-4.596	0.394	0.258	0.483	0.45	0.44	0.051025	1.5	0.682024166116199	0.663881648151101
"NM_017589"	"miR-221"	1000	"6-19"	"other"	0	-16.9	-0.193	0.342000000000002	0.27	0.016	0.434	0.4	0.48	0.007	0.428571428571429	0.54541428229809	0.583417674519199
"NM_017589"	"miR-221"	1000	"6-21"	"other"	0	-18	-0.119	-0.872	0.246	0.016	0.428	0.4	0.52	0.006125	0.428571428571429	0.565254752075615	0.594500505326922
"NM_017589"	"miR-221"	1000	"6-25"	"other"	0	-20.2	-0.193	-3.074	0.361	0.016	0.324	0.4	0.6	0.0049	0.428571428571429	0.641512312111442	0.704260266172211
"NM_017589"	"miR-221"	1000	"62-77"	"other"	0	-16.5	-3.52	-2.791	0.538	0.398	0.406	0.6	0.44	0.001875	4.42857142857143	0.920389569997084	0.985711397912969
"NM_017589"	"miR-222"	1000	"104-113"	"other"	0	-16.7	-0.31	-4.501	0.325	0.455	0.465	0.44	0.44	0.0052	7.42857142857143	0.976154839298627	0.985762858700841
"NM_017589"	"miR-222"	1000	"107-120"	"other"	0	-17.3	-3.129	-6.94	0.456	0.397	0.371	0.4	0.4	0.0212857142857143	7.64285714285714	0.979047732548319	0.994843134388522
"NM_017589"	"miR-222"	1000	"115-126"	"other"	0	-19.6	-3.158	-9.436	0.545	0.336	0.415	0.36	0.36	0.0306666666666667	8.21428571428571	0.983137407229467	0.979075250280474
"NM_017589"	"miR-222"	1000	"115-129"	"other"	0	-20.4	-3.158	-6.242	0.47	0.336	0.427	0.36	0.36	0.0246	8.21428571428571	0.981942296752747	0.97373858197082
"NM_017589"	"miR-222"	1000	"115-149"	"other"	0	-21.8	-3.158	4.102	0.438	0.336	0.452	0.36	0.52	0.0115714285714286	8.21428571428571	0.986561556897266	0.999472853780132
"NM_017589"	"miR-222"	1000	"54-77"	"other"	0	-16.7	-0.686	-0.404	0.533	0.238	0.406	0.6	0.44	0.00125	3.85714285714286	0.893416550101964	0.982542147452293
"NM_017589"	"miR-222"	1000	"9-20"	"other"	0	-18	-0.191	-6.41	0.274	0.082	0.43	0.375	0.48	0.00525	0.642857142857143	0.578551491470754	0.589072072318887
"NM_017589"	"miR-222"	1000	"9-25"	"other"	0	-20.3	-0.191	-8.576	0.39	0.082	0.324	0.375	0.6	0.00370588235294118	0.642857142857143	0.674637377338324	0.741014911890512
"NM_017589"	"miR-222"	1000	"95-106"	"other"	0	-15.2	-2.098	-3.354	0.365	0.416	0.41	0.48	0.36	0.267	6.78571428571429	0.961640091052606	0.954608105668491
"NM_017589"	"miR-23b"	1000	"126-143"	"other"	1	-17.1	-0.358	4.386	0.338	0.481	0.484	0.36	0.44	0.001	9	0.989062859092574	0.999344147506403
"NM_017589"	"miR-23b"	1000	"126-146"	"other"	1	-18.6	-0.358	0.707999999999998	0.325	0.481	0.516	0.36	0.44	0.00161904761904762	9	0.988939090390381	0.997980934615451
"NM_017589"	"miR-24"	1000	"10-26"	"other"	0	-15.1	0	-3.828	0.406	0.077	0.314	0.333	0.6	0.00294117647058824	0.714285714285714	0.678872652699674	0.792196599867881
"NM_017589"	"miR-24"	1000	"120-139"	"other"	0	-15.5	-2.263	0.166	0.453	0.419	0.413	0.32	0.36	0.00885	8.57142857142857	0.984424832297034	0.985260514138648
"NM_017589"	"miR-24"	1000	"133-144"	"other"	0	-15.8	-2.889	-1.119	0.395	0.397	0.502	0.4	0.48	0.00125	9.5	0.992118721742233	0.99793869236025
"NM_017589"	"miR-24"	1000	"133-149"	"other"	0	-17.4	-2.889	-3.942	0.456	0.397	0.452	0.4	0.52	0.002	9.5	0.993320827075748	0.99973430101929
"NM_017589"	"miR-24"	1000	"175-190"	"other"	0	-15.6	-2.017	-4.729	0.375	0.556	0.36	0.52	0.68	0.7513125	12.5	0.998865885782302	0.999999490370622
"NM_017589"	"miR-24"	1000	"176-196"	"other"	0	-16.1	-0.301	-5.008	0.373	0.498	0.329	0.56	0.68	0.856857142857143	12.5714285714286	0.99890621531852	0.999999722321667
"NM_017589"	"miR-24"	1000	"176-202"	"other"	0	-16.7	-0.301	-1.995	0.366	0.498	0.36	0.56	0.68	0.888666666666667	12.5714285714286	0.998868680526913	0.999999455897378
"NM_017589"	"miR-24"	1000	"41-54"	"other"	0	-15.9	-0.315	-2.102	0.246	0.448	0.484	0.48	0.44	0.0787857142857143	2.92857142857143	0.801491970024674	0.762442899859155
"NM_017589"	"miR-24"	1000	"41-58"	"other"	0	-17.2	-0.315	-1.125	0.281	0.448	0.469	0.48	0.4	0.0612777777777778	2.92857142857143	0.79189026535952	0.738349166753994
"NM_017589"	"miR-24"	1000	"41-60"	"other"	0	-18.9	-0.315	-4.448	0.284	0.448	0.483	0.48	0.44	0.05515	2.92857142857143	0.807820479431892	0.759241280818273
"NM_017589"	"miR-24"	1000	"51-77"	"other"	0	-20.9	-3.909	0.373000000000001	0.515	0.258	0.406	0.6	0.44	0.00114814814814815	3.64285714285714	0.881481952915734	0.9769624699262
"NM_017589"	"miR-25"	1000	"118-130"	"other"	0	-16.5	0	-2.398	0.424	0.36	0.425	0.32	0.36	0.0186153846153846	8.42857142857143	0.982812730719092	0.972224478023887
"NM_017589"	"miR-25"	1000	"118-142"	"other"	0	-17.3	0	6.878	0.427	0.36	0.462	0.32	0.4	0.01024	8.42857142857143	0.983624546406482	0.990719810118356
"NM_017589"	"miR-25"	1000	"118-152"	"other"	0	-17.4	0	7.907	0.455	0.36	0.373	0.32	0.64	0.00791428571428571	8.42857142857143	0.990982602798862	0.999994475302546
"NM_017589"	"miR-25"	1000	"157-162"	"other"	0	-15	-0.799	-8.369	0.526	0.374	0.448	0.36	0.76	0.000166666666666667	11.2142857142857	0.9984248139007	0.999999900956563
"NM_017589"	"miR-25"	1000	"16-25"	"other"	0	-17.2	-4.619	-8.731	0.527	0.135	0.324	0.4	0.6	0.0011	1.14285714285714	0.750164334596366	0.865954090858004
"NM_017589"	"miR-25"	1000	"184-204"	"other"	1	-17.6	-1.106	-3.258	0.376	0.379	0.351	0.68	0.68	0.998714285714286	13.1428571428571	0.999220209785898	0.999999996257976
"NM_017589"	"miR-25"	1000	"27-41"	"other"	1	-18.9	-1.261	-5.792	0.437	0.409	0.27	0.36	0.56	0.0782	1.92857142857143	0.806293623853003	0.945229218968682
"NM_017589"	"miR-25"	1000	"4-20"	"other"	1	-15.2	-0.043	5.426	0.227	0.027	0.43	0.333	0.48	0.00617647058823529	0.285714285714286	0.526130499517351	0.598267078702663
"NM_017589"	"miR-25"	1000	"50-63"	"other"	0	-15.2	-0.376	-0.315999999999999	0.397	0.318	0.472	0.56	0.4	0.000714285714285714	3.57142857142857	0.853269008132204	0.897351052840507
"NM_017589"	"miR-25"	1000	"50-68"	"other"	0	-15.9	-0.376	4.164	0.348	0.318	0.533	0.56	0.48	0.000526315789473684	3.57142857142857	0.866082677575617	0.927995302887587
"NM_017589"	"miR-25"	1000	"60-71"	"other"	0	-17.9	-2.953	-2.698	0.442	0.309	0.476	0.6	0.4	0	4.28571428571429	0.89756489268087	0.944857706625078
"NM_017589"	"miR-25"	1000	"60-76"	"other"	0	-19.1	-0.012	-3.441	0.556	0.309	0.417	0.6	0.44	0.00170588235294118	4.28571428571429	0.914759255258233	0.984700034181907
"NM_017589"	"miR-26a"	1000	"110-118"	"other"	0	-16.6	-0.295	-7.977	0.401	0.391	0.409	0.36	0.4	0.0267777777777778	7.85714285714286	0.979770558747631	0.983365650271377
"NM_017589"	"miR-26a"	1000	"110-129"	"other"	0	-17.1	-0.295	0.500999999999998	0.429	0.391	0.427	0.36	0.36	0.02215	7.85714285714286	0.977578051232	0.978018491304226
"NM_017589"	"miR-26a"	1000	"110-154"	"other"	0	-17.3	-0.353	14.582	0.428	0.391	0.405	0.36	0.6	0.0107777777777778	7.85714285714286	0.986458667026456	0.999977278081448
"NM_017589"	"miR-26a"	1000	"135-144"	"other"	1	-16.2	-0.078	-0.969999999999999	0.344	0.408	0.502	0.48	0.48	0.0015	9.64285714285714	0.993072913148755	0.999895096624291
"NM_017589"	"miR-26a"	1000	"165-183"	"other"	0	-16.5	-2.805	-7.832	0.417	0.455	0.378	0.36	0.64	0.265736842105263	11.7857142857143	0.99829946105619	0.99999743342375
"NM_017589"	"miR-26a"	1000	"9-22"	"other"	0	-18.4	-0.056	-6.174	0.295	0.082	0.398	0.375	0.48	0.0045	0.642857142857143	0.585477686255566	0.614112189940572
"NM_017589"	"miR-26a"	1000	"9-38"	"other"	0	-22.4	-1.311	-9.746	0.409	0.082	0.318	0.375	0.56	0.0220666666666667	0.642857142857143	0.65811616603638	0.721764323904146
"NM_017589"	"miR-26b"	1000	"165-183"	"other"	0	-16.7	-2.805	-8.032	0.417	0.455	0.378	0.36	0.64	0.265736842105263	11.7857142857143	0.998300566129374	0.999997366099188
"NM_017589"	"miR-26b"	1000	"168-192"	"other"	0	-16.9	-2.295	-5.277	0.365	0.419	0.35	0.4	0.72	0.5612	12	0.998624937589455	0.999999610305552
"NM_017589"	"miR-26b"	1000	"9-38"	"other"	0	-17.4	-1.305	-4.746	0.409	0.082	0.318	0.375	0.56	0.0220666666666667	0.642857142857143	0.654460665920212	0.741973951218492
"NM_017589"	"miR-27a"	1000	"125-146"	"other"	0	-16.8	0	4.103	0.337	0.478	0.516	0.36	0.44	0.00218181818181818	8.92857142857143	0.987760301191289	0.987598713492403
"NM_017589"	"miR-27a"	1000	"141-153"	"other"	0	-17	-0.031	-2.718	0.446	0.377	0.371	0.36	0.6	0.00246153846153846	10.0714285714286	0.995820784099937	0.99999594734231
"NM_017589"	"miR-27a"	1000	"19-38"	"other"	0	-15.2	-1.135	-5.91	0.466	0.235	0.318	0.444	0.56	0.02995	1.35714285714286	0.748627904750044	0.862257013230686
"NM_017589"	"miR-27a"	1000	"3-23"	"other"	0	-15.1	0	7.665	0.26	0.041	0.374	0.5	0.52	0.00519047619047619	0.214285714285714	0.550842429785965	0.548081613125356
"NM_017589"	"miR-27a"	1000	"65-77"	"other"	0	-15.9	-0.251	-6.526	0.646	0.371	0.406	0.56	0.44	0.00230769230769231	4.64285714285714	0.932542767202295	0.988168581796642
"NM_017589"	"miR-27a"	1000	"65-80"	"other"	0	-17	-0.251	-6.295	0.543	0.371	0.407	0.56	0.4	0.001875	4.64285714285714	0.92113773376753	0.975344747971743
"NM_017589"	"miR-27b"	1000	"137-146"	"other"	0	-15.6	0	-3.313	0.261	0.428	0.516	0.44	0.44	0.003	9.78571428571429	0.991906321653895	0.988820514439078
"NM_017589"	"miR-27b"	1000	"72-85"	"other"	0	-18.1	-2.934	-4.576	0.508	0.464	0.418	0.52	0.36	0.00214285714285714	5.14285714285714	0.92947617499241	0.955881483253945
"NM_017589"	"miR-29a"	1000	"51-66"	"other"	0	-15.2	-0.251	6.561	0.344	0.258	0.534	0.6	0.44	6.25e-05	3.64285714285714	0.858884726527793	0.922402644578424
"NM_017589"	"miR-29a"	1000	"51-77"	"other"	0	-15.8	-0.251	5.473	0.515	0.258	0.406	0.6	0.44	0.00114814814814815	3.64285714285714	0.879743040836933	0.98128699907776
"NM_017589"	"miR-29a"	1000	"9-21"	"other"	0	-15.9	-0.168	-4.173	0.259	0.082	0.428	0.375	0.52	0.00484615384615385	0.642857142857143	0.596492719699265	0.621853600720043
"NM_017589"	"miR-29a"	1000	"9-25"	"other"	0	-17.9	-0.168	-6.176	0.39	0.082	0.324	0.375	0.6	0.00370588235294118	0.642857142857143	0.672927713448727	0.751710965333563
"NM_017589"	"miR-29b"	1000	"6-25"	"other"	0	-16.6	-0.325	0.526	0.361	0.016	0.324	0.4	0.6	0.0049	0.428571428571429	0.638823785290316	0.717092477928273
"NM_017589"	"miR-29c"	1000	"9-25"	"other"	0	-15.3	-0.167	-3.576	0.39	0.082	0.324	0.375	0.6	0.00370588235294118	0.642857142857143	0.671070126234754	0.762953185925273
"NM_017589"	"miR-30a"	1000	"176-203"	"other"	0	-17.3	-0.627	-2.08	0.386	0.498	0.346	0.56	0.68	0.892535714285714	12.5714285714286	0.998891367560436	0.999999626184383
"NM_017589"	"miR-30a"	1000	"55-64"	"other"	0	-15.5	-0.435	-0.933	0.342	0.246	0.485	0.64	0.4	0	3.92857142857143	0.87153171468958	0.925067730527014
"NM_017589"	"miR-30a"	1000	"55-67"	"other"	0	-17	-0.435	-0.933	0.283	0.246	0.545	0.64	0.48	0	3.92857142857143	0.883745021143365	0.936176037910107
"NM_017589"	"miR-30a"	1000	"55-70"	"other"	0	-17.6	-0.435	-1.688	0.386	0.246	0.505	0.64	0.44	0	3.92857142857143	0.88416136104022	0.946408396742224
"NM_017589"	"miR-30c"	1000	"2-25"	"other"	0	-15.2	-0.045	9.465	0.301	0.076	0.324	1	0.6	0.00470833333333333	0.142857142857143	0.645074541552484	0.36502109609327
"NM_017589"	"miR-30d"	1000	"133-145"	"other"	0	-17.2	-3.265	-5.29	0.39	0.397	0.509	0.4	0.44	0.00176923076923077	9.5	0.991428678673675	0.989319966557485
"NM_017589"	"miR-30d"	1000	"55-68"	"other"	0	-15.9	-0.435	0.0179999999999989	0.32	0.246	0.533	0.64	0.48	0	3.92857142857143	0.88672515066764	0.949883731659296
"NM_017589"	"miR-30e"	1000	"133-145"	"other"	0	-15	-3.259	-3.09	0.39	0.397	0.509	0.4	0.44	0.00176923076923077	9.5	0.991367705377226	0.99159930234685
"NM_017589"	"miR-30e"	1000	"176-203"	"other"	0	-16.3	-0.614	-1.08	0.386	0.498	0.346	0.56	0.68	0.892535714285714	12.5714285714286	0.998887746871231	0.999999659319342
"NM_017589"	"miR-30e"	1000	"55-64"	"other"	0	-15.5	-0.435	-0.933	0.342	0.246	0.485	0.64	0.4	0	3.92857142857143	0.87153171468958	0.925067730527014
"NM_017589"	"miR-30e"	1000	"55-67"	"other"	0	-15.6	-0.435	0.467000000000001	0.283	0.246	0.545	0.64	0.48	0	3.92857142857143	0.883277923488323	0.93979949603081
"NM_017589"	"miR-30e"	1000	"55-70"	"other"	0	-17.6	-0.435	-1.688	0.386	0.246	0.505	0.64	0.44	0	3.92857142857143	0.88416136104022	0.946408396742224
"NM_017589"	"miR-30e-3p"	1000	"126-143"	"other"	0	-16.6	-0.151	4.886	0.338	0.481	0.484	0.36	0.44	0.001	9	0.988327419571597	0.994427014840275
"NM_017589"	"miR-30e-3p"	1000	"126-145"	"7mer-A1"	0	-19.1	-0.175	-0.353000000000002	0.322	0.481	0.509	0.36	0.44	0.00135	9	0.988264254022014	0.98237212357781
"NM_017589"	"miR-30e-3p"	1000	"19-39"	"6mer"	0	-11.7	-1.023	-2.411	0.485	0.235	0.284	0.444	0.56	0.0359523809523810	1.35714285714286	0.751639336167239	0.888969322617686
"NM_017589"	"miR-30e-3p"	1000	"34-67"	"other"	0	-15.4	-0.651	11.115	0.321	0.443	0.545	0.44	0.48	0.056	2.42857142857143	0.770599169895344	0.804163672779102
"NM_017589"	"miR-320a"	1000	"104-115"	"other"	0	-22.9	-0.336	-8.927	0.367	0.455	0.446	0.44	0.36	0.00908333333333333	7.42857142857143	0.972930801516853	0.939780268605068
"NM_017589"	"miR-320a"	1000	"104-121"	"other"	0	-25	-3.186	-9.211	0.427	0.455	0.361	0.44	0.4	0.0184444444444444	7.42857142857143	0.977089687901657	0.994534410256662
"NM_017589"	"miR-320a"	1000	"104-123"	"offset-6mer"	0	-26.6	-3.395	-9.212	0.438	0.455	0.372	0.44	0.36	0.02035	7.42857142857143	0.975027054539634	0.986207157944587
"NM_017589"	"miR-320a"	1000	"125-140"	"other"	0	-16.7	-0.282	-1.564	0.39	0.478	0.436	0.36	0.36	0.0014375	8.92857142857143	0.986607215631654	0.9774970289476
"NM_017589"	"miR-320a"	1000	"125-142"	"other"	0	-18.5	-0.282	2.922	0.369	0.478	0.462	0.36	0.4	0.00172222222222222	8.92857142857143	0.98725529699957	0.98958261195555
"NM_017589"	"miR-320a"	1000	"125-149"	"other"	0	-19.7	-0.282	2.134	0.388	0.478	0.452	0.36	0.52	0.00208	8.92857142857143	0.990480536760336	0.999528993120819
"NM_017589"	"miR-320a"	1000	"136-154"	"offset-6mer"	0	-23.2	-4.83	-7.09	0.427	0.416	0.405	0.44	0.6	0.00210526315789474	9.71428571428571	0.995125770021883	0.99998820984177
"NM_017589"	"miR-320a"	1000	"136-159"	"other"	0	-23.7	-2.067	-8.119	0.363	0.416	0.494	0.44	0.72	0.00175	9.71428571428571	0.995976543078124	0.999994040283801
"NM_017589"	"miR-320a"	1000	"40-58"	"other"	1	-16.8	-0.449	-0.664999999999999	0.279	0.497	0.469	0.52	0.4	0.0676842105263158	2.85714285714286	0.79969158775688	0.8542147417996
"NM_017589"	"miR-320a"	1000	"40-60"	"other"	1	-24.1	-1.297	-9.57	0.281	0.497	0.483	0.52	0.44	0.0612380952380952	2.85714285714286	0.817761953444663	0.833770867709888
"NM_017589"	"miR-320a"	1000	"75-86"	"other"	0	-17.6	-2.159	-3.405	0.403	0.527	0.407	0.52	0.36	0.000166666666666667	5.35714285714286	0.932080821698043	0.955374604335557
"NM_017589"	"miR-320a"	1000	"75-88"	"other"	0	-19.5	-0.055	-1.467	0.39	0.527	0.403	0.52	0.36	0.000142857142857143	5.35714285714286	0.931178372836225	0.961160726321003
"NM_017589"	"miR-320a"	1000	"75-98"	"other"	0	-19.8	-2.075	0.347999999999999	0.428	0.527	0.431	0.52	0.4	0.119208333333333	5.35714285714286	0.936174059805994	0.968472852847194
"NM_017589"	"miR-320a"	1000	"8-27"	"other"	0	-16	-0.704	-2.333	0.365	0.053	0.314	0.429	0.64	0.00385	0.571428571428571	0.682860733972144	0.75756730892837
"NM_017589"	"miR-320a"	1000	"8-29"	"other"	0	-22.9	-1.106	-9.178	0.381	0.053	0.348	0.429	0.64	0.00372727272727273	0.571428571428571	0.68709138713378	0.728316721896449
"NM_017589"	"miR-320a"	1000	"84-112"	"other"	0	-22.2	-2.978	0.108000000000001	0.403	0.592	0.459	0.4	0.44	0.119034482758621	6	0.953967907510053	0.964445049633241
"NM_017589"	"miR-331-3p"	1000	"102-107"	"other"	0	-17.2	-0.08	-7.387	0.282	0.477	0.394	0.44	0.4	0	7.28571428571429	0.972391573474096	0.984977609510717
"NM_017589"	"miR-331-3p"	1000	"102-112"	"other"	0	-18.1	-0.08	-4.828	0.298	0.477	0.459	0.44	0.44	0.00127272727272727	7.28571428571429	0.974136350378333	0.983797667311923
"NM_017589"	"miR-331-3p"	1000	"11-29"	"other"	0	-25.8	-6.416	-14.811	0.399	0.117	0.348	0.3	0.64	0.00221052631578947	0.785714285714286	0.707928732373555	0.754421251149147
"NM_017589"	"miR-331-3p"	1000	"137-144"	"other"	0	-19.4	-0.31	-5.29	0.235	0.428	0.502	0.44	0.48	0.001875	9.78571428571429	0.99255983042103	0.995926696305367
"NM_017589"	"miR-331-3p"	1000	"137-149"	"other"	0	-19.9	-0.31	-6.645	0.377	0.428	0.452	0.44	0.52	0.00261538461538462	9.78571428571429	0.994030144962952	0.999715730743216
"NM_017589"	"miR-331-3p"	1000	"140-159"	"other"	0	-21.4	-0.211	-7.258	0.324	0.412	0.494	0.4	0.72	0.002	10	0.99633723219801	0.99999357013454
"NM_017589"	"miR-331-3p"	1000	"2-14"	"other"	0	-20.5	-0.047	1.134	0.147	0.076	0.472	1	0.52	0.00746153846153846	0.142857142857143	0.565719975178326	0.342492331065634
"NM_017589"	"miR-331-3p"	1000	"2-25"	"other"	0	-22.9	-0.048	1.765	0.301	0.076	0.324	1	0.6	0.00470833333333333	0.142857142857143	0.650768163351054	0.379062218271015
"NM_017589"	"miR-331-3p"	1000	"55-67"	"other"	0	-18.3	-0.459	-2.233	0.283	0.246	0.545	0.64	0.48	0	3.92857142857143	0.884177233222742	0.932622324352024
"NM_017589"	"miR-340"	1000	"118-128"	"other"	0	-16.4	-3.415	-6.442	0.457	0.36	0.441	0.32	0.36	0.0219090909090909	8.42857142857143	0.98331351233857	0.952097212297597
"NM_017589"	"miR-34a"	1000	"117-130"	"other"	0	-16.1	-2.49	-0.443000000000001	0.425	0.343	0.425	0.36	0.36	0.0205	8.35714285714286	0.982324033671454	0.98295038470588
"NM_017589"	"miR-34a"	1000	"117-136"	"other"	0	-17.6	-2.49	-1.43	0.463	0.343	0.388	0.36	0.32	0.0144	8.35714285714286	0.981554553129547	0.981764456014772
"NM_017589"	"miR-34a"	1000	"117-139"	"other"	0	-18.9	-2.49	0.315000000000001	0.463	0.343	0.413	0.36	0.36	0.0126086956521739	8.35714285714286	0.982871845336296	0.989614033837584
"NM_017589"	"miR-34a"	1000	"146-161"	"other"	0	-15.2	-5.281	-2.854	0.468	0.368	0.462	0.4	0.72	0.0011875	10.4285714285714	0.997315827352752	0.99999949589626
"NM_017589"	"miR-34a"	1000	"146-163"	"other"	0	-17.1	-5.281	-3.662	0.495	0.368	0.426	0.4	0.72	0.00111111111111111	10.4285714285714	0.997415274037114	0.999999782600637
"NM_017589"	"miR-34a"	1000	"146-165"	"other"	0	-19.9	-5.281	-6.385	0.506	0.368	0.395	0.4	0.76	0.001	10.4285714285714	0.997710550364209	0.999999950375568
"NM_017589"	"miR-34a"	1000	"182-202"	"other"	0	-16.8	-2.235	-3.737	0.365	0.375	0.36	0.64	0.68	0.998952380952381	13	0.999083414463891	0.999999696883848
"NM_017589"	"miR-34a"	1000	"2-11"	"other"	0	-15.1	0	2.015	0.138	0.076	0.426	1	0.52	0.0088	0.142857142857143	0.56812042783377	0.329343460131817
"NM_017589"	"miR-34a"	1000	"60-70"	"other"	0	-17.1	-0.01	-1.906	0.391	0.309	0.505	0.6	0.44	0	4.28571428571429	0.901086088005681	0.948371005587867
"NM_017589"	"miR-34a"	1000	"60-73"	"other"	0	-17.3	-0.01	-1.446	0.506	0.309	0.444	0.6	0.4	0.00157142857142857	4.28571428571429	0.902643531475169	0.967804479155857
"NM_017589"	"miR-34a"	1000	"60-77"	"other"	0	-19.7	-0.01	-4.041	0.552	0.309	0.406	0.6	0.44	0.00166666666666667	4.28571428571429	0.91504502083896	0.985676625033976
"NM_017589"	"miR-34a"	1000	"7-26"	"other"	0	-17.6	-0.121	-2.164	0.375	0.015	0.314	0.333	0.6	0.0044	0.5	0.646365324830717	0.746727732569122
"NM_017589"	"miR-34a"	1000	"96-113"	"other"	0	-16.1	-0.029	0.149999999999999	0.362	0.446	0.465	0.44	0.44	0.157555555555556	6.85714285714286	0.968059834324783	0.980789416414655
"NM_017589"	"miR-361-5p"	1000	"138-143"	"other"	1	-15.7	-0.227	-0.375999999999999	0.252	0.415	0.484	0.44	0.44	0.00233333333333333	9.85714285714286	0.992635982021052	0.999635110839446
"NM_017589"	"miR-361-5p"	1000	"138-145"	"other"	1	-18.6	-0.227	-4.866	0.233	0.415	0.509	0.44	0.44	0.002875	9.85714285714286	0.992561185216843	0.998836006183797
"NM_017589"	"miR-361-5p"	1000	"7-22"	"other"	0	-15.1	-0.14	0.915000000000001	0.293	0.015	0.398	0.333	0.48	0.0055	0.5	0.555343089367848	0.628836971702104
"NM_017589"	"miR-361-5p"	1000	"9-24"	"other"	1	-18.2	-0.529	-6.47	0.354	0.082	0.36	0.375	0.56	0.0039375	0.642857142857143	0.657830457410292	0.741739343776259
"NM_017589"	"miR-361-5p"	1000	"9-31"	"other"	1	-18.7	-0.529	-6.812	0.403	0.082	0.31	0.375	0.6	0.00408695652173913	0.642857142857143	0.690746257563394	0.783373813756835
"NM_017589"	"miR-361-5p"	1000	"9-34"	"other"	1	-18.8	-1.085	-6.637	0.381	0.082	0.351	0.375	0.6	0.0103846153846154	0.642857142857143	0.683147014494835	0.769839957009798
"NM_017589"	"miR-361-5p"	1000	"9-37"	"other"	1	-20.2	-1.085	-7.538	0.418	0.082	0.325	0.375	0.56	0.0189655172413793	0.642857142857143	0.671857421135418	0.763957250444322
"NM_017589"	"miR-374b"	1000	"57-63"	"other"	1	-16.8	-1.93	-6.803	0.457	0.236	0.472	0.6	0.4	0	4.07142857142857	0.894967234364367	0.978758780963745
"NM_017589"	"miR-374b"	1000	"57-66"	"other"	1	-16.9	-1.93	-0.334999999999997	0.321	0.236	0.534	0.6	0.44	0	4.07142857142857	0.889562627343401	0.973457960831807
"NM_017589"	"miR-378"	1000	"103-121"	"other"	0	-16.4	-2.259	1.136	0.41	0.469	0.361	0.44	0.4	0.0174736842105263	7.35714285714286	0.975245078324818	0.997374875816593
"NM_017589"	"miR-378"	1000	"139-159"	"other"	0	-16.4	-0.555	-1.061	0.339	0.407	0.494	0.44	0.72	0.002	9.92857142857143	0.99622692220899	0.999997971524733
"NM_017589"	"miR-378"	1000	"152-172"	"other"	0	-17.4	-3.932	-2.235	0.449	0.432	0.352	0.36	0.72	0.000476190476190476	10.8571428571429	0.997883688536792	0.999999967108465
"NM_017589"	"miR-378"	1000	"47-59"	"other"	1	-16.7	-0.613	-7.838	0.356	0.319	0.484	0.52	0.4	0.00507692307692308	3.35714285714286	0.844318491476905	0.906713691130173
"NM_017589"	"miR-378"	1000	"47-62"	"other"	1	-18.9	-0.613	-4.109	0.386	0.319	0.46	0.52	0.4	0.004125	3.35714285714286	0.846988009639459	0.937136645466433
"NM_017589"	"miR-378"	1000	"6-29"	"other"	0	-16.7	-0.225	0.458000000000002	0.361	0.016	0.348	0.4	0.64	0.00429166666666667	0.428571428571429	0.657430758171124	0.734139616456808
"NM_017589"	"miR-378"	1000	"75-83"	"other"	0	-15.9	-0.601	-4.554	0.398	0.527	0.422	0.52	0.36	0.000222222222222222	5.35714285714286	0.93167786341959	0.941179057186848
"NM_017589"	"miR-378"	1000	"78-111"	"other"	0	-16.2	-2.312	16.714	0.381	0.56	0.455	0.48	0.44	0.101117647058824	5.57142857142857	0.941509512960311	0.990614729769966
"NM_017589"	"miR-421"	1000	"111-129"	"other"	0	-15.3	-3.03	1.947	0.424	0.396	0.427	0.36	0.36	0.0233157894736842	7.92857142857143	0.978178254757396	0.980687434982225
"NM_017589"	"miR-421"	1000	"24-29"	"other"	0	-15.5	-0.615	-10.108	0.536	0.326	0.348	0.435	0.64	0.000833333333333333	1.71428571428571	0.820722326454857	0.915860634694534
"NM_017589"	"miR-421"	1000	"8-20"	"other"	0	-17.2	-0.093	-3.642	0.275	0.053	0.43	0.429	0.48	0.00592307692307692	0.571428571428571	0.571807099596466	0.591787168759429
"NM_017589"	"miR-421"	1000	"8-37"	"other"	0	-17.7	-0.093	-3.069	0.413	0.053	0.325	0.429	0.56	0.0188	0.571428571428571	0.648985545952457	0.729656246223673
"NM_017589"	"miR-423-3p"	1000	"100-113"	"other"	1	-18.7	-0.08	-5.423	0.33	0.448	0.465	0.4	0.44	0.00471428571428571	7.14285714285714	0.974018314973756	0.99574881850256
"NM_017589"	"miR-423-3p"	1000	"100-122"	"other"	1	-20.8	-1.708	-2.786	0.418	0.448	0.367	0.4	0.4	0.0167391304347826	7.14285714285714	0.974131598029422	0.998912051089348
"NM_017589"	"miR-423-3p"	1000	"127-149"	"other"	0	-15.8	0	5.555	0.382	0.499	0.452	0.32	0.52	0.00160869565217391	9.07142857142857	0.99087982514041	0.999583098192497
"NM_017589"	"miR-423-3p"	1000	"127-153"	"other"	0	-17.5	-0.555	5.297	0.412	0.499	0.371	0.32	0.6	0.00148148148148148	9.07142857142857	0.992813838851202	0.999990199075873
"NM_017589"	"miR-423-3p"	1000	"140-157"	"other"	0	-19.4	-0.418	-4.485	0.346	0.412	0.457	0.4	0.68	0.00222222222222222	10	0.99607843737582	0.99999490994523
"NM_017589"	"miR-423-3p"	1000	"140-162"	"other"	0	-26	-1.152	-11.059	0.397	0.412	0.448	0.4	0.76	0.00178260869565217	10	0.996930176476214	0.99999902333002
"NM_017589"	"miR-423-3p"	1000	"17-38"	"other"	1	-25.8	-1.729	-15.54	0.493	0.134	0.318	0.438	0.56	0.0274545454545455	1.21428571428571	0.753569564367294	0.865036422188024
"NM_017589"	"miR-423-3p"	1000	"17-40"	"other"	1	-27.1	-1.729	-15.736	0.497	0.134	0.275	0.438	0.56	0.0392916666666667	1.21428571428571	0.757218018287936	0.874946797832213
"NM_017589"	"miR-423-3p"	1000	"24-32"	"other"	0	-15.9	-0.848	-8.921	0.503	0.326	0.333	0.435	0.6	0.00855555555555556	1.71428571428571	0.803225898727949	0.906135073924779
"NM_017589"	"miR-423-3p"	1000	"4-12"	"other"	1	-15.2	-0.044	-0.446	0.204	0.027	0.434	0.333	0.52	0.009	0.285714285714286	0.548821540103753	0.589797688898576
"NM_017589"	"miR-423-3p"	1000	"4-15"	"other"	1	-17.1	-0.044	-0.104000000000003	0.162	0.027	0.48	0.333	0.48	0.00783333333333333	0.285714285714286	0.513244188141343	0.54006665007423
"NM_017589"	"miR-423-3p"	1000	"4-19"	"other"	1	-19.6	-0.192	2.144	0.236	0.027	0.434	0.333	0.48	0.0065625	0.285714285714286	0.529999619898113	0.592711236232
"NM_017589"	"miR-423-3p"	1000	"4-23"	"other"	1	-25.5	-0.192	-4.682	0.273	0.027	0.374	0.333	0.52	0.00525	0.285714285714286	0.57120388848351	0.61275152985539
"NM_017589"	"miR-423-3p"	1000	"44-60"	"other"	0	-16.5	-0.382	-4.488	0.296	0.452	0.483	0.48	0.44	0.0218823529411765	3.14285714285714	0.826122340839012	0.787553638673393
"NM_017589"	"miR-423-3p"	1000	"51-77"	"other"	0	-21.7	-3.994	-0.427	0.515	0.258	0.406	0.6	0.44	0.00114814814814815	3.64285714285714	0.881752649283154	0.97619649934107
"NM_017589"	"miR-423-3p"	1000	"59-74"	"other"	0	-17.7	0	-2.201	0.51	0.295	0.437	0.64	0.4	0.00175	4.21428571428571	0.901414882237447	0.972226148754948
"NM_017589"	"miR-424"	1000	"184-202"	"other"	0	-17.2	-0.759	-4.72	0.344	0.379	0.36	0.68	0.68	0.998894736842105	13.1428571428571	0.999149557320904	0.999999834077503
"NM_017589"	"miR-425"	1000	"57-65"	"other"	1	-15	-0.968	1.12	0.356	0.236	0.508	0.6	0.4	0	4.07142857142857	0.883606140204284	0.972165195382024
"NM_017589"	"miR-425"	1000	"57-68"	"other"	1	-16	-0.968	-0.315	0.355	0.236	0.533	0.6	0.48	0	4.07142857142857	0.900533655644522	0.984809156313927
"NM_017589"	"miR-484"	1000	"1-12"	"other"	1	-19.5	-0.044	-6.823	0.16	0.076	0.434	1	0.52	0.00758333333333333	0.0714285714285714	0.585365514176084	0.375502995074756
"NM_017589"	"miR-484"	1000	"1-15"	"other"	1	-20	-0.044	-4.511	0.135	0.076	0.48	1	0.48	0.00693333333333333	0.0714285714285714	0.551818104757103	0.372402093798574
"NM_017589"	"miR-484"	1000	"136-154"	"other"	0	-16.7	-0.504	-0.59	0.427	0.416	0.405	0.44	0.6	0.00210526315789474	9.71428571428571	0.995022183952028	0.999994418711133
"NM_017589"	"miR-484"	1000	"141-157"	"other"	0	-17.6	-0.487	-2.134	0.363	0.377	0.457	0.36	0.68	0.00217647058823529	10.0714285714286	0.996153381247142	0.999995470179633
"NM_017589"	"miR-484"	1000	"141-160"	"other"	0	-18.2	-0.487	-4.657	0.369	0.377	0.472	0.36	0.68	0.00185	10.0714285714286	0.99617745887233	0.999991499825685
"NM_017589"	"miR-484"	1000	"141-163"	"other"	0	-18.6	-0.487	-3.669	0.421	0.377	0.426	0.36	0.72	0.00165217391304348	10.0714285714286	0.996695469120713	0.999999262203562
"NM_017589"	"miR-484"	1000	"2-54"	"other"	0	-20.1	-0.969	3.542	0.328	0.076	0.484	1	0.44	0.0406415094339623	0.142857142857143	0.548972089379877	0.421131226725657
"NM_017589"	"miR-484"	1000	"20-37"	"other"	1	-18.4	-1.58	-8.879	0.495	0.252	0.325	0.474	0.56	0.0270555555555556	1.42857142857143	0.774605400437209	0.896896494184399
"NM_017589"	"miR-484"	1000	"20-40"	"other"	1	-18.4	-1.219	-8.01	0.484	0.252	0.275	0.474	0.56	0.0446666666666667	1.42857142857143	0.775854908686157	0.909627741577266
"NM_017589"	"miR-484"	1000	"60-67"	"other"	1	-16.4	0	-1.155	0.226	0.309	0.545	0.6	0.48	0	4.28571428571429	0.902376862491673	0.976089725571486
"NM_017589"	"miR-484"	1000	"60-69"	"other"	0	-18.8	0	-3.604	0.33	0.309	0.526	0.6	0.48	0	4.28571428571429	0.904851271877846	0.94851173087148
"NM_017589"	"miR-484"	1000	"60-75"	"other"	0	-19.3	0	-3.641	0.529	0.309	0.428	0.6	0.4	0.00175	4.28571428571429	0.905321280213175	0.971302966181862
"NM_017589"	"miR-484"	1000	"60-77"	"other"	1	-25	-3.909	-9.341	0.552	0.309	0.406	0.6	0.44	0.00166666666666667	4.28571428571429	0.9211696937263	0.99369859069932
"NM_017589"	"miR-548b-3p"	1000	"12-34"	"other"	0	-15	-1.088	-4.35	0.396	0.132	0.351	0.273	0.6	0.0100869565217391	0.857142857142857	0.686252635772326	0.799868044355864
"NM_017589"	"miR-548b-3p"	1000	"12-36"	"other"	0	-18.8	-1.276	-7.708	0.426	0.132	0.343	0.273	0.6	0.01612	0.857142857142857	0.693820796387501	0.79259590360849
"NM_017589"	"miR-548b-3p"	1000	"144-153"	"other"	0	-16.6	-4.412	-8.566	0.538	0.377	0.371	0.4	0.6	0.0023	10.2857142857143	0.996606317772103	0.999997177753186
"NM_017589"	"miR-548b-3p"	1000	"144-181"	"other"	0	-16.6	-4.568	2.558	0.438	0.377	0.401	0.4	0.68	0.0810263157894737	10.2857142857143	0.996759654289724	0.999999564512569
"NM_017589"	"miR-548b-3p"	1000	"58-66"	"other"	1	-15.6	-1.9	0.613999999999999	0.278	0.266	0.534	0.6	0.44	0	4.14285714285714	0.890104892073543	0.971271138231796
"NM_017589"	"miR-548b-3p"	1000	"58-69"	"other"	1	-16	-1.9	-0.706	0.355	0.266	0.526	0.6	0.48	0	4.14285714285714	0.90445667665708	0.985624291233243
"NM_017589"	"miR-548b-3p"	1000	"59-75"	"other"	0	-16.8	-0.335	-1.301	0.513	0.295	0.428	0.64	0.4	0.00164705882352941	4.21428571428571	0.901693293079418	0.975659174852614
"NM_017589"	"miR-615-3p"	1000	"1-11"	"other"	1	-21.9	-0.009	-9.793	0.132	0.076	0.426	1	0.52	0.00818181818181818	0.0714285714285714	0.583474193832496	0.371282583204547
"NM_017589"	"miR-615-3p"	1000	"1-14"	"other"	1	-22.9	-0.045	-6.948	0.142	0.076	0.472	1	0.52	0.00707142857142857	0.0714285714285714	0.578325911283917	0.380660274209445
"NM_017589"	"miR-615-3p"	1000	"1-22"	"other"	1	-24.8	-0.052	-5.956	0.217	0.076	0.398	1	0.48	0.00522727272727273	0.0714285714285714	0.57649581064538	0.384564961546748
"NM_017589"	"miR-615-3p"	1000	"1-25"	"other"	1	-25.6	-6.626	-7.312	0.292	0.076	0.324	1	0.6	0.0046	0.0714285714285714	0.662419569744069	0.378591685414768
"NM_017589"	"miR-615-3p"	1000	"1-8"	"other"	1	-19.6	-0.009	-7.789	0.082	0.076	0.384	1	0.44	0.0065	0.0714285714285714	0.532164901771828	0.335125962874857
"NM_017589"	"miR-615-3p"	1000	"126-145"	"other"	0	-16.5	-0.174	2.247	0.322	0.481	0.509	0.36	0.44	0.00135	9	0.988165833880816	0.986639379843154
"NM_017589"	"miR-615-3p"	1000	"137-151"	"other"	0	-18.3	-0.282	-4.13	0.432	0.428	0.396	0.44	0.6	0.00226666666666667	9.78571428571429	0.995293794595285	0.999993736629024
"NM_017589"	"miR-615-3p"	1000	"142-164"	"other"	0	-19.7	-0.254	-4.476	0.434	0.376	0.404	0.4	0.76	0.00156521739130435	10.1428571428571	0.997193885330501	0.999999897661565
"NM_017589"	"miR-615-3p"	1000	"15-29"	"other"	1	-28.7	-7.379	-19.705	0.451	0.142	0.348	0.357	0.64	0.0014	1.07142857142857	0.763733851617912	0.828749436739569
"NM_017589"	"miR-615-3p"	1000	"15-33"	"other"	1	-30.7	-7.379	-19.95	0.435	0.142	0.353	0.357	0.64	0.00805263157894737	1.07142857142857	0.76113890769649	0.821654314768668
"NM_017589"	"miR-615-3p"	1000	"15-36"	"other"	1	-31.2	-7.73	-21.551	0.46	0.142	0.343	0.357	0.6	0.0179090909090909	1.07142857142857	0.749066223586951	0.805403231611501
"NM_017589"	"miR-615-3p"	1000	"15-39"	"other"	1	-32.2	-7.73	-22.389	0.472	0.142	0.284	0.357	0.56	0.03084	1.07142857142857	0.738177982514451	0.808443418052524
"NM_017589"	"miR-615-3p"	1000	"53-64"	"other"	0	-16.7	-0.474	-2.102	0.446	0.184	0.485	0.64	0.4	0	3.78571428571429	0.871479068894558	0.94235187194079
"NM_017589"	"miR-615-3p"	1000	"58-73"	"other"	0	-17.8	0	-1.859	0.502	0.266	0.444	0.6	0.4	0.001375	4.14285714285714	0.895420365806072	0.965540810016084
"NM_017589"	"miR-615-3p"	1000	"58-76"	"other"	0	-19.5	0	-3.784	0.548	0.266	0.417	0.6	0.44	0.00152631578947368	4.14285714285714	0.908078799293306	0.983167115827506
"NM_017589"	"miR-615-3p"	1000	"58-78"	"other"	0	-24.9	-0.585	-9.184	0.529	0.266	0.401	0.6	0.44	0.00142857142857143	4.14285714285714	0.908933655751997	0.98032529184228
"NM_017589"	"miR-615-3p"	1000	"61-68"	"other"	0	-17.1	0	-3.976	0.281	0.332	0.533	0.56	0.48	0	4.35714285714286	0.903614034590885	0.927609452900004
"NM_017589"	"miR-615-3p"	1000	"98-107"	"other"	0	-16	-1.731	-5.027	0.4	0.474	0.394	0.36	0.4	0.1223	7	0.969097883423881	0.974969847013861
"NM_017589"	"miR-615-3p"	1000	"98-111"	"other"	0	-17.3	-2.729	-2.757	0.38	0.474	0.455	0.36	0.44	0.0873571428571429	7	0.970547104167246	0.974468104084939
"NM_017589"	"miR-615-3p"	1000	"98-114"	"other"	0	-19.3	-2.729	-5.922	0.369	0.474	0.473	0.36	0.4	0.0762941176470588	7	0.967707703997647	0.910222175311172
"NM_017589"	"miR-615-3p"	1000	"98-124"	"other"	0	-19.6	-4.705	-1.28	0.441	0.474	0.388	0.36	0.36	0.0611111111111111	7	0.967248829258474	0.974982637874339
"NM_017589"	"miR-652"	1000	"111-127"	"other"	1	-15.9	-3.2	-1.347	0.447	0.396	0.438	0.36	0.32	0.0260588235294118	7.92857142857143	0.978077500593112	0.990287117196322
"NM_017589"	"miR-652"	1000	"111-132"	"other"	1	-17.9	-3.133	-0.962	0.39	0.396	0.419	0.36	0.32	0.0202272727272727	7.92857142857143	0.977332864275323	0.991620581483927
"NM_017589"	"miR-652"	1000	"111-134"	"other"	1	-20	-3.552	-2.446	0.411	0.396	0.377	0.36	0.28	0.0185416666666667	7.92857142857143	0.97612921920345	0.990582112191596
"NM_017589"	"miR-652"	1000	"131-152"	"other"	1	-22.3	-0.229	-3.735	0.474	0.427	0.373	0.36	0.64	0.00159090909090909	9.35714285714286	0.995056627030654	0.999999558842587
"NM_017589"	"miR-652"	1000	"131-158"	"other"	1	-23.4	-0.229	-3.906	0.393	0.427	0.477	0.36	0.68	0.00153571428571429	9.35714285714286	0.994997519061417	0.999998001936955
"NM_017589"	"miR-652"	1000	"137-143"	"other"	1	-16.5	-0.229	-2.481	0.266	0.428	0.484	0.44	0.44	0.002	9.78571428571429	0.9925158280617	0.999536962351178
"NM_017589"	"miR-652"	1000	"137-150"	"other"	1	-19.2	-0.229	-5.64	0.398	0.428	0.429	0.44	0.56	0.00242857142857143	9.78571428571429	0.99499660996143	0.999995153416287
"NM_017589"	"miR-652"	1000	"6-21"	"other"	1	-15.9	-0.03	1.228	0.246	0.016	0.428	0.4	0.52	0.006125	0.428571428571429	0.579412588638125	0.649240772037235
"NM_017589"	"miR-652"	1000	"6-26"	"other"	1	-21.3	-0.03	-4.25	0.358	0.016	0.314	0.4	0.6	0.00466666666666667	0.428571428571429	0.657561396656085	0.724881576343345
"NM_017589"	"miR-652"	1000	"90-107"	"other"	0	-17.9	0	-3.602	0.44	0.385	0.394	0.4	0.4	0.191	6.42857142857143	0.959897040312326	0.975853179413468
"NM_017589"	"miR-652"	1000	"90-110"	"other"	0	-18.3	0	-1.762	0.438	0.385	0.424	0.4	0.44	0.163714285714286	6.42857142857143	0.962723503502386	0.984552234945259
"NM_017589"	"miR-7"	1000	"148-179"	"6mer"	0	-12.3	-2.903	6.613	0.44	0.412	0.406	0.4	0.68	0.03403125	10.5714285714286	0.997187040810837	0.999999848514258
"NM_017589"	"miR-7"	1000	"27-51"	"6mer"	0	-11.8	-0.289	7.892	0.314	0.409	0.534	0.36	0.48	0.08164	1.92857142857143	0.71723991290081	0.71731340353709
"NM_017589"	"miR-7"	1000	"57-83"	"other"	0	-17.9	-1.048	-1.608	0.486	0.236	0.422	0.6	0.36	0.00111111111111111	4.07142857142857	0.882085518538985	0.955105350564723
"NM_017589"	"miR-744"	1000	"104-127"	"6mer"	1	-20.8	-4.23	0.716999999999999	0.428	0.455	0.438	0.44	0.32	0.0184583333333333	7.42857142857143	0.972619806918481	0.99282063119444
"NM_017589"	"miR-744"	1000	"104-142"	"offset-6mer"	1	-17.9	-0.566	18.248	0.409	0.455	0.462	0.44	0.4	0.0117435897435897	7.42857142857143	0.975231486786436	0.99949394870007
"NM_017589"	"miR-744"	1000	"104-144"	"offset-6mer"	1	-19.5	-0.566	18.333	0.39	0.455	0.502	0.44	0.48	0.0112195121951220	7.42857142857143	0.978641830838438	0.9998064900436
"NM_017589"	"miR-744"	1000	"111-118"	"other"	0	-16.3	-0.264	-8.03	0.384	0.396	0.409	0.36	0.4	0.030125	7.92857142857143	0.980228929193656	0.982481687788683
"NM_017589"	"miR-744"	1000	"130-138"	"6mer"	0	-14	-4.122	-4.707	0.46	0.47	0.414	0.36	0.36	0.000222222222222222	9.28571428571429	0.989515999562548	0.988050544340193
"NM_017589"	"miR-744"	1000	"137-152"	"other"	0	-19.9	-0.231	-5.607	0.445	0.428	0.373	0.44	0.64	0.002125	9.78571428571429	0.995805503147299	0.999998451069372
"NM_017589"	"miR-744"	1000	"137-157"	"other"	0	-21.9	-0.274	-5.954	0.363	0.428	0.457	0.44	0.68	0.002	9.78571428571429	0.995790521481924	0.999994811374587
"NM_017589"	"miR-744"	1000	"19-34"	"other"	0	-18.7	-1.217	-10.005	0.434	0.235	0.351	0.444	0.6	0.0129375	1.35714285714286	0.761584414139607	0.847402591465224
"NM_017589"	"miR-744"	1000	"19-36"	"other"	0	-19.8	-0.791	-10.705	0.473	0.235	0.343	0.444	0.6	0.021	1.35714285714286	0.767534535177073	0.854393784859087
"NM_017589"	"miR-744"	1000	"2-27"	"other"	0	-18.5	-0.791	6.118	0.292	0.076	0.314	1	0.64	0.00434615384615385	0.142857142857143	0.667616478446394	0.369848669164335
"NM_017589"	"miR-744"	1000	"59-79"	"other"	0	-19.3	-0.602	-3.801	0.499	0.295	0.404	0.64	0.44	0.00142857142857143	4.21428571428571	0.910161364984502	0.985341961665836
"NM_017589"	"miR-744"	1000	"75-108"	"other"	0	-22.2	-1.82	5.553	0.416	0.527	0.398	0.52	0.44	0.101176470588235	5.35714285714286	0.940950451373564	0.99153366750608
"NM_017589"	"miR-744"	1000	"75-110"	"other"	0	-24.3	-1.82	4.577	0.416	0.527	0.424	0.52	0.44	0.0955555555555556	5.35714285714286	0.940566656313732	0.98766947158013
"NM_017589"	"miR-744"	1000	"75-97"	"other"	0	-20.3	-2.396	-0.614000000000001	0.421	0.527	0.433	0.52	0.4	0.096391304347826	5.35714285714286	0.936241193362233	0.966500080446184
"NM_017589"	"miR-769-5p"	1000	"103-120"	"other"	0	-19.1	-3.177	-1.922	0.397	0.469	0.371	0.44	0.4	0.0165555555555556	7.35714285714286	0.975154421270627	0.995808605438731
"NM_017589"	"miR-769-5p"	1000	"103-124"	"other"	0	-20.4	-4.157	-1.613	0.428	0.469	0.388	0.44	0.36	0.0194090909090909	7.35714285714286	0.973211387629141	0.989198107903285
"NM_017589"	"miR-769-5p"	1000	"133-144"	"other"	0	-15.2	-0.282	-0.518999999999998	0.395	0.397	0.502	0.4	0.48	0.00125	9.5	0.992103450840016	0.998070990416913
"NM_017589"	"miR-769-5p"	1000	"150-160"	"other"	0	-19.4	-1.208	-7.261	0.357	0.431	0.472	0.36	0.68	0.000727272727272727	10.7142857142857	0.997242928394687	0.999993466192006
"NM_017589"	"miR-769-5p"	1000	"150-164"	"other"	0	-21.1	-1.208	-7.239	0.455	0.431	0.404	0.36	0.76	6e-04	10.7142857142857	0.997923052230017	0.999999910969384
"NM_017589"	"miR-769-5p"	1000	"3-15"	"other"	0	-16.7	-0.059	1.836	0.149	0.041	0.48	0.5	0.48	0.00753846153846154	0.214285714285714	0.501016741459184	0.449710783028306
"NM_017589"	"miR-769-5p"	1000	"3-21"	"other"	0	-17.1	-0.059	5.611	0.207	0.041	0.428	0.5	0.52	0.00573684210526316	0.214285714285714	0.53706803403945	0.514283502696754
"NM_017589"	"miR-769-5p"	1000	"45-63"	"other"	0	-16.9	-0.463	2.634	0.326	0.396	0.472	0.48	0.4	0.0132631578947368	3.21428571428571	0.817437687458962	0.82271848404981
"NM_017589"	"miR-769-5p"	1000	"49-66"	"other"	0	-17.2	0	0.468	0.333	0.31	0.534	0.52	0.44	0.00111111111111111	3.5	0.848541357650579	0.85383108959272
"NM_017589"	"miR-769-5p"	1000	"49-70"	"other"	0	-17.3	0	-1.126	0.397	0.31	0.505	0.52	0.44	0.00090909090909091	3.5	0.856679854024315	0.891210151266037
"NM_017589"	"miR-769-5p"	1000	"58-75"	"other"	0	-18.1	-3.254	-2.384	0.523	0.266	0.428	0.6	0.4	0.00155555555555556	4.14285714285714	0.897643262098542	0.971299606349822
"NM_017589"	"miR-769-5p"	1000	"58-78"	"other"	0	-19.9	-3.254	-4.184	0.529	0.266	0.401	0.6	0.44	0.00142857142857143	4.14285714285714	0.90758379421255	0.984383488790416
"NM_017589"	"miR-769-5p"	1000	"58-81"	"other"	0	-20.6	-3.254	-4.884	0.467	0.266	0.423	0.6	0.4	0.00125	4.14285714285714	0.89475433055513	0.964128164538726
"NM_017589"	"miR-769-5p"	1000	"88-104"	"other"	0	-15.6	-1.663	-0.568	0.428	0.45	0.423	0.4	0.36	0.202235294117647	6.28571428571429	0.952117505543444	0.930780544034578
"NM_017589"	"miR-769-5p"	1000	"88-106"	"other"	0	-17	-3.514	-2.268	0.41	0.45	0.41	0.4	0.36	0.180947368421053	6.28571428571429	0.952186414804264	0.935728795059994
"NM_017589"	"miR-769-5p"	1000	"88-110"	"other"	0	-17.2	-3.514	1.112	0.427	0.45	0.424	0.4	0.44	0.149478260869565	6.28571428571429	0.959899559644718	0.985353206605298
"NM_017589"	"miR-769-5p"	1000	"9-24"	"other"	1	-19.7	-0.337	-7.97	0.354	0.082	0.36	0.375	0.56	0.0039375	0.642857142857143	0.658923042531838	0.735147563762071
"NM_017589"	"miR-769-5p"	1000	"9-28"	"other"	1	-21.6	-0.337	-9.793	0.361	0.082	0.344	0.375	0.6	0.00315	0.642857142857143	0.683079150883149	0.750991159719568
"NM_017589"	"miR-769-5p"	1000	"9-35"	"other"	0	-23.3	-1.134	-10.921	0.402	0.082	0.327	0.375	0.56	0.0126666666666667	0.642857142857143	0.65732287094773	0.713047434457119
"NM_017589"	"miR-9"	1000	"118-132"	"other"	0	-17.5	-2.484	-5.503	0.397	0.36	0.419	0.32	0.32	0.0162	8.42857142857143	0.981071637088416	0.915320636321025
"NM_017589"	"miR-9"	1000	"118-145"	"other"	0	-17.7	-2.494	5.333	0.394	0.36	0.509	0.32	0.44	0.0095	8.42857142857143	0.984445389643958	0.987816959516276
"NM_017589"	"miR-9"	1000	"148-160"	"other"	0	-16.4	-5.251	-3.552	0.424	0.412	0.472	0.4	0.68	0.000692307692307692	10.5714285714286	0.997184473174348	0.999997764061935
"NM_017589"	"miR-9"	1000	"148-162"	"other"	0	-17.1	-5.343	-3.799	0.48	0.412	0.448	0.4	0.76	0.000666666666666667	10.5714285714286	0.997773115940238	0.999999885486133
"NM_017589"	"miR-9"	1000	"59-74"	"other"	0	-19.3	-5.028	-3.801	0.51	0.295	0.437	0.64	0.4	0.00175	4.21428571428571	0.901874721984893	0.970204093365016
"NM_017589"	"miR-9"	1000	"7-24"	"other"	1	-17.4	-0.279	-1.881	0.346	0.015	0.36	0.333	0.56	0.00488888888888889	0.5	0.630490559544991	0.740208561962994
"NM_017589"	"miR-92a"	1000	"137-145"	"other"	1	-15	-0.045	-3.306	0.246	0.428	0.509	0.44	0.44	0.00255555555555556	9.78571428571429	0.992344490955138	0.99902322730669
"NM_017589"	"miR-92a"	1000	"137-149"	"other"	1	-16.4	-0.045	-3.145	0.377	0.428	0.452	0.44	0.52	0.00261538461538462	9.78571428571429	0.994335173379493	0.999981761221428
"NM_017589"	"miR-92a"	1000	"137-152"	"other"	1	-18.1	-0.045	-3.807	0.445	0.428	0.373	0.44	0.64	0.002125	9.78571428571429	0.996042051296902	0.999999874161256
"NM_017589"	"miR-92a"	1000	"22-31"	"other"	0	-16	-7.546	-8.405	0.591	0.262	0.31	0.429	0.6	0.0031	1.57142857142857	0.80168013846368	0.918075473811463
"NM_017589"	"miR-92a"	1000	"22-38"	"other"	0	-17.1	-7.546	-8.155	0.524	0.262	0.318	0.429	0.56	0.0352352941176471	1.57142857142857	0.776606734496022	0.889051976444001
"NM_017589"	"miR-92a"	1000	"59-67"	"other"	0	-16.6	-0.645	-1.538	0.23	0.295	0.545	0.64	0.48	0	4.21428571428571	0.894870093667707	0.93452374280168
"NM_017589"	"miR-92a"	1000	"59-69"	"other"	1	-21.1	-0.645	-6.032	0.324	0.295	0.526	0.64	0.48	0	4.21428571428571	0.908700625207327	0.982430200562252
"NM_017589"	"miR-92a"	1000	"59-71"	"other"	1	-25	-5.043	-9.927	0.428	0.295	0.476	0.64	0.4	0	4.21428571428571	0.902526880274089	0.976134193171015
"NM_017589"	"miR-92a"	1000	"59-76"	"other"	1	-26.2	-0.663	-10.701	0.54	0.295	0.417	0.64	0.44	0.00161111111111111	4.21428571428571	0.918862137342568	0.993014841183777
"NM_017589"	"miR-93"	1000	"137-149"	"other"	0	-16.7	0	-3.445	0.377	0.428	0.452	0.44	0.52	0.00261538461538462	9.78571428571429	0.993968111220373	0.999803038441025
"NM_017589"	"miR-93"	1000	"139-152"	"other"	0	-19.2	-4.436	-4.737	0.454	0.407	0.373	0.44	0.64	0.00242857142857143	9.92857142857143	0.996093989572844	0.99999892099973
"NM_017589"	"miR-93"	1000	"139-176"	"6mer"	0	-12.5	-4.194	10.348	0.411	0.407	0.375	0.44	0.68	0.00242105263157895	9.92857142857143	0.996131907061403	0.999999915550784
"NM_017589"	"miR-93"	1000	"54-69"	"other"	0	-17.7	-0.405	-1.788	0.385	0.238	0.526	0.6	0.48	0	3.85714285714286	0.887159062519984	0.949491383290447
"NM_017589"	"miR-93"	1000	"9-35"	"other"	0	-15.2	-0.069	-2.821	0.402	0.082	0.327	0.375	0.56	0.0126666666666667	0.642857142857143	0.651385183471625	0.746748658977847
"NM_017589"	"miR-93-3p"	1000	"100-112"	"other"	0	-15.1	-0.318	-0.671999999999999	0.335	0.448	0.459	0.4	0.44	0.00215384615384615	7.14285714285714	0.97210733405555	0.9862040659353
"NM_017589"	"miR-93-3p"	1000	"100-121"	"other"	0	-15.5	-2.051	1.89	0.412	0.448	0.361	0.4	0.4	0.0157272727272727	7.14285714285714	0.972007163980999	0.9962809176842
"NM_017589"	"miR-93-3p"	1000	"142-151"	"other"	0	-16.6	-4.417	-4.04	0.474	0.376	0.396	0.4	0.6	0.0027	10.1428571428571	0.996083669627458	0.999995422734022
"NM_017589"	"miR-93-3p"	1000	"142-154"	"other"	0	-18.9	-0.553	-4.744	0.426	0.376	0.405	0.4	0.6	0.00253846153846154	10.1428571428571	0.995937154334152	0.999992444404107
"NM_017589"	"miR-93-3p"	1000	"142-159"	"other"	0	-22.3	-0.553	-9.141	0.34	0.376	0.494	0.4	0.72	0.00194444444444444	10.1428571428571	0.99662929908829	0.999993873285995
"NM_017589"	"miR-93-3p"	1000	"2-14"	"other"	0	-15.4	-0.011	6.234	0.147	0.076	0.472	1	0.52	0.00746153846153846	0.142857142857143	0.561654156947792	0.328576239566506
"NM_017589"	"miR-93-3p"	1000	"2-17"	"other"	0	-16.7	-0.011	4.845	0.173	0.076	0.462	1	0.48	0.0070625	0.142857142857143	0.545983556297529	0.332673407982573
"NM_017589"	"miR-93-3p"	1000	"2-21"	"other"	0	-17.5	-0.011	7.169	0.197	0.076	0.428	1	0.52	0.00565	0.142857142857143	0.574638146116184	0.337505733412867
"NM_017589"	"miR-93-3p"	1000	"2-29"	"other"	0	-20.3	0	4.372	0.31	0.076	0.348	1	0.64	0.00421428571428571	0.142857142857143	0.668627631897084	0.387302503295661
"NM_017589"	"miR-93-3p"	1000	"20-62"	"6mer"	0	-15.4	-2.181	10.642	0.396	0.252	0.46	0.474	0.4	0.0474651162790698	1.42857142857143	0.647212907555566	0.714846728028541
"NM_017589"	"miR-93-3p"	1000	"65-78"	"other"	0	-18.5	-0.626	-9.126	0.615	0.371	0.401	0.56	0.44	0.00214285714285714	4.64285714285714	0.931765189164188	0.985920898229242
"NM_017589"	"miR-96"	1000	"137-160"	"other"	0	-15.1	-0.495	0.472	0.368	0.428	0.472	0.44	0.68	0.00175	9.78571428571429	0.995690630237812	0.999996787290799
"NM_017589"	"miR-96"	1000	"58-83"	"other"	0	-15.1	-0.602	0.804	0.478	0.266	0.422	0.6	0.36	0.00115384615384615	4.14285714285714	0.884826574012248	0.958378897459384
"NM_017589"	"miR-96"	1000	"9-26"	"other"	0	-16.9	-0.105	-5.253	0.385	0.082	0.314	0.375	0.6	0.0035	0.642857142857143	0.67239762166016	0.756790507587892
"NM_017589"	"miR-96"	1000	"9-30"	"other"	0	-16.9	-0.214	-5.155	0.411	0.082	0.315	0.375	0.64	0.00336363636363636	0.642857142857143	0.696145161373809	0.784062076890008
"NM_017589"	"miR-99a"	1000	"36-63"	"other"	0	-17.2	-1.132	5.016	0.335	0.505	0.472	0.52	0.4	0.0629285714285714	2.57142857142857	0.768702136285941	0.759611927516085
"NM_017589"	"miR-99a"	1000	"36-67"	"other"	0	-18.4	-1.145	7.848	0.301	0.505	0.545	0.52	0.48	0.0550625	2.57142857142857	0.78917732121183	0.798385827210456
"NM_017589"	"miR-99b"	1000	"136-155"	"other"	0	-16	0	-0.0570000000000004	0.408	0.416	0.421	0.44	0.64	0.0021	9.71428571428571	0.995352021381386	0.99999709847257
"NM_017589"	"miR-99b"	1000	"136-161"	"other"	0	-16	0	0.234999999999999	0.405	0.416	0.462	0.44	0.72	0.00161538461538462	9.71428571428571	0.996045761189293	0.999999114064397
"NM_017589"	"miR-99b"	1000	"59-69"	"other"	0	-15.2	-0.413	-0.132	0.324	0.295	0.526	0.64	0.48	0	4.21428571428571	0.901535212220304	0.960105770638225
