MIT seeds: G/B GU count, name	Pos_gene	Neg_gene	Pos_site	Neg_site	Pos_site_enrichment	Odds_ratio
8mer	   1 GU	84	8608	189	71874	 0.9280	 0.9280
7mer-m8	   1 GU	245	10846	730	226828	 1.1358	 1.1364
7mer-A1	   1 GU	240	10941	639	223840	 1.0075	 1.0075
6mer	   1 GU	508	11842	2129	741052	 1.0139	 1.0141
offset-6mer  1 GU	764	11982	3388	1103474	 1.0836	 1.0853
8mer	     2 GU	81	8653	144	70431	 0.7216	 0.7213
7mer-m8	     2 GU	205	10757	551	222165	 0.8753	 0.8749
7mer-A1	     2 GU	281	11109	879	282091	 1.0997	 1.1002
6mer	     2 GU	555	11889	2789	972153	 1.0125	 1.0127
offset-6mer  2 GU	764	12068	3805	1289716	 1.0412	 1.0422
8mer	     3 GU	45	6151	74	26214	 0.9963	 0.9963
7mer-m8	     3 GU	83	9151	206	96380	 0.7543	 0.7540
7mer-A1	     3 GU	141	10473	405	194854	 0.7335	 0.7329
6mer	     3 GU	365	11664	1409	707871	 0.7025	 0.7000
offset-6mer  3 GU	581	11891	2110	866464	 0.8594	 0.8577
8mer	     4 GU	5	1607	8	2336	 1.2086	 1.2087
7mer-m8	     4 GU	22	4372	29	9730	 1.0519	 1.0519
7mer-A1	     4 GU	47	8085	102	54124	 0.6651	 0.6649
6mer	     4 GU	108	10433	275	217118	 0.4470	 0.4461
offset-6mer  4 GU	289	11213	816	293712	 0.9805	 0.9804
8mer	     5 GU	0	133	0	133	 0.0000	 0.0000
7mer-m8	     5 GU	0	353	0	363	 0.0000	 0.0000
7mer-A1	     5 GU	4	3162	4	4444	 0.3177	 0.3176
6mer	     5 GU	30	6677	40	21020	 0.6716	 0.6715
offset-6mer  5 GU	62	8260	91	32278	 0.9950	 0.9950
offset-6mer  6 GU	8	2034	9	2538	 1.2515	 1.2515
other	     ? GU	1295	12247	148091	51879821	 1.0074	 1.0602
Total Sites in Pos/Neg Sets	168912	59613024
