Size of positive set is 744678; size of negative set is 22349051

Column 44:  site_conser
    Bin      :	0	0.1	0.2	0.3	0.4	0.5	0.6	0.7	0.8	0.9	1	
    odd-ratio:	0.3669403	0.9285567	1.098471	1.229924	1.380236	1.445595	1.568932	1.674771	1.783899	3.062675	

Column 9:  region12_17
    Bin      :	0	1	
    odd-ratio:	0.7943456	1.258898	
    pvalue   :	1	0	

Column 14:  SiteAcc
    Bin      :	0	0.05	0.1	0.15	0.2	0.25	0.3	0.35	0.4	0.45	0.5	0.55	0.6	0.65	0.7	0.75	0.8	0.85	0.9	0.95	1	
    odd-ratio:	0.6787131	0.6270828	0.6910422	0.727663	0.735351	0.7393093	0.7905241	0.8854433	1.053661	1.267617	1.511431	1.782997	2.081869	2.274278	2.469268	2.634648	2.847242	2.669813	3.291481	2.902813	
    pvalue   :	1	1	1	1	1	1	1	1	1.248237e-54	0	0	0	0	0	0	0	0	1.503980e-190	4.162092e-174	3.008599e-83	

Column 16:  UpsAcc_5nt
    Bin      :	0	0.05	0.1	0.15	0.2	0.25	0.3	0.35	0.4	0.45	0.5	0.55	0.6	0.65	0.7	0.75	0.8	0.85	0.9	0.95	1	
    odd-ratio:	0.7816396	0.9547467	0.907215	0.8442636	0.820332	0.9429628	0.9840047	0.9679662	0.9996015	1.106754	1.105849	1.099215	1.122805	1.217776	1.197267	1.206274	1.194914	1.263594	1.236160	1.110221	
    pvalue   :	1	1	1	1	1	1	0.9996775	1	0.5363532	2.198978e-98	4.724814e-86	1.142530e-78	7.139873e-106	2.817665e-233	1.007080e-169	3.721665e-185	4.410453e-132	1.553243e-159	7.666466e-110	1.170523e-28	

Column 17:  UpAU_5nt
    Bin      :	0	0.05	0.1	0.15	0.2	0.25	0.3	0.35	0.4	0.45	0.5	0.55	0.6	0.65	0.7	0.75	0.8	0.85	0.9	0.95	1	
    odd-ratio:	0.3957072	NA	NA	0.4435412	NA	NA	NA	0.6020881	NA	NA	NA	1.046433	NA	NA	NA	1.680129	NA	NA	NA	2.04859	
    pvalue   :	1	0	0	1	0	0	0	1	0	0	0	2.441179e-70	0	0	0	0	0	0	0	0	

Column 18:  DwsAcc_5nt
    Bin      :	0	0.05	0.1	0.15	0.2	0.25	0.3	0.35	0.4	0.45	0.5	0.55	0.6	0.65	0.7	0.75	0.8	0.85	0.9	0.95	1	
    odd-ratio:	0.7184274	0.8707244	0.8375821	0.7759014	0.8067136	0.9433376	0.9685649	0.9612408	1.026979	1.135920	1.178226	1.158938	1.189191	1.271017	1.264119	1.212466	1.273691	1.419361	1.366747	1.211741	
    pvalue   :	1	1	1	1	1	1	1	1	1.348464e-10	5.298575e-153	8.957887e-228	2.481192e-187	3.522549e-231	0	8.38975e-275	3.832644e-182	3.068417e-229	0	6.090521e-225	1.862929e-92	

Column 19:  DwAU_5nt
    Bin      :	0	0.05	0.1	0.15	0.2	0.25	0.3	0.35	0.4	0.45	0.5	0.55	0.6	0.65	0.7	0.75	0.8	0.85	0.9	0.95	1	
    odd-ratio:	0.2798066	NA	NA	0.3915971	NA	NA	NA	0.6194769	NA	NA	NA	1.165835	NA	NA	NA	1.789423	NA	NA	NA	2.129346	
    pvalue   :	1	0	0	1	0	0	0	1	0	0	0	0	0	0	0	0	0	0	0	0	

Column 20:  UpsAcc_10nt
    Bin      :	0	0.05	0.1	0.15	0.2	0.25	0.3	0.35	0.4	0.45	0.5	0.55	0.6	0.65	0.7	0.75	0.8	0.85	0.9	0.95	1	
    odd-ratio:	0.6752465	0.8184913	0.7686454	0.8171415	0.8108283	0.8972396	0.934219	0.9924224	1.027431	1.099426	1.136465	1.192922	1.226952	1.203546	1.249805	1.304916	1.307049	1.296478	1.299855	1.002439	
    pvalue   :	1	1	1	1	1	1	1	0.976051	3.01906e-13	2.499102e-123	1.363580e-196	5.054319e-293	4.961919e-311	1.810588e-179	2.092084e-181	2.593113e-186	1.137245e-120	8.1616e-79	3.604104e-51	0.4519801	

Column 21:  UpAU_10nt
    Bin      :	0	0.05	0.1	0.15	0.2	0.25	0.3	0.35	0.4	0.45	0.5	0.55	0.6	0.65	0.7	0.75	0.8	0.85	0.9	0.95	1	
    odd-ratio:	0.3061452	0.3401299	NA	0.3665024	NA	0.4067559	NA	0.5020218	NA	0.7371224	NA	1.121377	NA	1.579896	NA	1.922952	NA	2.063887	NA	2.024205	
    pvalue   :	1	1	0	1	0	1	0	1	0	1	0	1.895606e-318	0	0	0	0	0	0	0	0	

Column 22:  DwsAcc_10nt
    Bin      :	0	0.05	0.1	0.15	0.2	0.25	0.3	0.35	0.4	0.45	0.5	0.55	0.6	0.65	0.7	0.75	0.8	0.85	0.9	0.95	1	
    odd-ratio:	0.5984771	0.6919602	0.6896842	0.7628911	0.7845442	0.8573965	0.9082122	0.9919764	1.04717	1.126018	1.182182	1.237133	1.287908	1.334449	1.407060	1.470051	1.523945	1.481928	1.553383	1.117321	
    pvalue   :	1	1	1	1	1	1	1	0.9823336	4.489431e-35	5.744809e-191	0	0	0	0	0	0	1.008303e-286	9.849755e-174	3.034299e-148	1.392676e-09	

Column 23:  DwAU_10nt
    Bin      :	0	0.05	0.1	0.15	0.2	0.25	0.3	0.35	0.4	0.45	0.5	0.55	0.6	0.65	0.7	0.75	0.8	0.85	0.9	0.95	1	
    odd-ratio:	0.1624608	0.1788147	NA	0.2550422	NA	0.3329995	NA	0.4908504	NA	0.8148345	NA	1.279200	NA	1.680517	NA	2.011558	NA	2.192296	NA	1.908738	
    pvalue   :	1	1	0	1	0	1	0	1	0	1	0	0	0	0	0	0	0	0	0	0	

Column 24:  UpsAcc_15nt
    Bin      :	0	0.05	0.1	0.15	0.2	0.25	0.3	0.35	0.4	0.45	0.5	0.55	0.6	0.65	0.7	0.75	0.8	0.85	0.9	0.95	1	
    odd-ratio:	0.4578626	0.6049184	0.7141304	0.7716123	0.8029562	0.8417694	0.9237844	0.9889923	1.075565	1.124099	1.194224	1.228666	1.277605	1.257665	1.231258	1.228944	1.136222	1.075402	1.071497	0.6227987	
    pvalue   :	1	1	1	1	1	1	1	0.9992794	1.938049e-98	1.937015e-220	0	0	0	8.36677e-201	3.463664e-98	1.837145e-57	1.447839e-13	0.0005251567	0.007530808	1	

Column 25:  UpAU_15nt
    Bin      :	0	0.05	0.1	0.15	0.2	0.25	0.3	0.35	0.4	0.45	0.5	0.55	0.6	0.65	0.7	0.75	0.8	0.85	0.9	0.95	1	
    odd-ratio:	0.3056453	0.3612041	0.3647113	0.3446977	NA	0.3549253	0.3942363	0.4630469	NA	0.60846	0.858002	1.182767	NA	1.524972	1.821828	2.020091	NA	2.075989	1.748982	1.572642	
    pvalue   :	1	1	1	1	0	1	1	1	0	1	1	0	0	0	0	0	0	0	0	2.279655e-148	

Column 26:  DwsAcc_15nt
    Bin      :	0	0.05	0.1	0.15	0.2	0.25	0.3	0.35	0.4	0.45	0.5	0.55	0.6	0.65	0.7	0.75	0.8	0.85	0.9	0.95	1	
    odd-ratio:	0.3820778	0.5466441	0.6223172	0.7016634	0.7367388	0.8098578	0.895746	0.9862502	1.063568	1.152619	1.255327	1.291016	1.357422	1.413893	1.530606	1.614780	1.577437	1.424847	1.354174	0.9365014	
    pvalue   :	1	1	1	1	1	1	1	0.9999678	1.924101e-70	0	0	0	0	0	0	0	4.871635e-177	1.104824e-69	2.561308e-37	0.9976403	

Column 27:  DwAU_15nt
    Bin      :	0	0.05	0.1	0.15	0.2	0.25	0.3	0.35	0.4	0.45	0.5	0.55	0.6	0.65	0.7	0.75	0.8	0.85	0.9	0.95	1	
    odd-ratio:	0.1145021	0.1720828	0.1688550	0.2236855	NA	0.2595807	0.3216434	0.4163634	NA	0.6249494	0.9508069	1.311491	NA	1.646641	1.908792	2.048084	NA	2.223757	2.089521	1.235562	
    pvalue   :	1	1	1	1	0	1	1	1	0	1	1	0	0	0	0	0	0	0	0	1.289491e-37	

Column 28:  UpsAcc_20nt
    Bin      :	0	0.05	0.1	0.15	0.2	0.25	0.3	0.35	0.4	0.45	0.5	0.55	0.6	0.65	0.7	0.75	0.8	0.85	0.9	0.95	1	
    odd-ratio:	0.2827114	0.461455	0.6602449	0.6991473	0.7753595	0.8438041	0.903604	0.9848412	1.078267	1.161415	1.237894	1.249997	1.269079	1.215895	1.192503	1.094622	0.9860764	0.8882167	0.9062197	0.4947073	
    pvalue   :	1	1	1	1	1	1	1	0.9999987	3.721248e-117	0	0	0	2.695001e-284	4.478932e-104	3.678013e-46	9.390214e-08	0.7109726	0.9998194	0.9839014	1	

Column 29:  UpAU_20nt
    Bin      :	0	0.05	0.1	0.15	0.2	0.25	0.3	0.35	0.4	0.45	0.5	0.55	0.6	0.65	0.7	0.75	0.8	0.85	0.9	0.95	1	
    odd-ratio:	0.1217546	0.3452319	0.3964953	0.3514859	0.3639623	0.3613079	0.3952038	0.4499366	0.5469032	0.6962542	0.9433749	1.215844	1.495387	1.723923	1.916045	2.053051	2.022669	1.837962	1.612498	1.109702	
    pvalue   :	1	1	1	1	1	1	1	1	1	1	1	0	0	0	0	0	0	0	7.111455e-183	0.001514083	

Column 30:  DwsAcc_20nt
    Bin      :	0	0.05	0.1	0.15	0.2	0.25	0.3	0.35	0.4	0.45	0.5	0.55	0.6	0.65	0.7	0.75	0.8	0.85	0.9	0.95	1	
    odd-ratio:	0.2291095	0.455475	0.5797911	0.6324851	0.7042638	0.7770816	0.8705025	0.9731392	1.085264	1.203402	1.283170	1.300221	1.447684	1.457102	1.513225	1.573678	1.534153	1.388006	1.290486	0.9853678	
    pvalue   :	1	1	1	1	1	1	1	1	2.998462e-137	0	0	0	0	0	2.315773e-273	1.132487e-189	2.458749e-102	2.203760e-40	2.357803e-20	0.735622	

Column 31:  DwAU_20nt
    Bin      :	0	0.05	0.1	0.15	0.2	0.25	0.3	0.35	0.4	0.45	0.5	0.55	0.6	0.65	0.7	0.75	0.8	0.85	0.9	0.95	1	
    odd-ratio:	0.1394307	0.1951670	0.2085414	0.2172801	0.2391227	0.2676137	0.3200695	0.3967552	0.5157746	0.7418068	1.022687	1.336351	1.587134	1.822825	1.980731	2.101111	2.113376	2.197164	1.793779	0.8444702	
    pvalue   :	1	1	1	1	1	1	1	1	1	1	2.524456e-09	0	0	0	0	0	0	0	0	1	

Column 32:  UpsAcc_25nt
    Bin      :	0	0.05	0.1	0.15	0.2	0.25	0.3	0.35	0.4	0.45	0.5	0.55	0.6	0.65	0.7	0.75	0.8	0.85	0.9	0.95	1	
    odd-ratio:	0.09477371	0.3857719	0.638938	0.6496069	0.751647	0.813224	0.8971243	0.9922588	1.085268	1.196563	1.249169	1.247503	1.245113	1.156198	1.136376	0.967344	0.9477303	0.8698007	0.9648658	0.4944152	
    pvalue   :	1	1	1	1	1	1	1	0.9937688	1.187376e-148	0	0	0	5.571125e-195	5.042347e-43	1.681006e-17	0.9238929	0.9422971	0.9978292	0.6934489	1	

Column 33:  UpAU_25nt
    Bin      :	0	0.05	0.1	0.15	0.2	0.25	0.3	0.35	0.4	0.45	0.5	0.55	0.6	0.65	0.7	0.75	0.8	0.85	0.9	0.95	1	
    odd-ratio:	0.1726192	0.3354843	0.3108236	0.4255716	0.3523428	0.3701235	0.383017	0.3996752	0.4973311	0.6207253	0.7918446	1.129961	1.461062	1.674729	1.827264	2.064693	2.02292	2.002346	1.766160	1.284276	
    pvalue   :	1	1	1	1	1	1	1	1	1	1	1	0	0	0	0	0	0	0	2.472099e-253	4.67014e-19	

Column 34:  DwsAcc_25nt
    Bin      :	0	0.05	0.1	0.15	0.2	0.25	0.3	0.35	0.4	0.45	0.5	0.55	0.6	0.65	0.7	0.75	0.8	0.85	0.9	0.95	1	
    odd-ratio:	0.08681913	0.3236008	0.5254266	0.6064605	0.6735618	0.7531494	0.8554854	0.9684014	1.100391	1.232009	1.299851	1.365432	1.368121	1.501550	1.390077	1.501357	1.680917	1.718241	1.443165	0.9990526	
    pvalue   :	1	1	1	1	1	1	1	1	3.052674e-202	0	0	0	0	0	6.566729e-121	1.331427e-111	2.008648e-124	6.145273e-107	2.364070e-40	0.5111979	

Column 35:  DwAU_25nt
    Bin      :	0	0.05	0.1	0.15	0.2	0.25	0.3	0.35	0.4	0.45	0.5	0.55	0.6	0.65	0.7	0.75	0.8	0.85	0.9	0.95	1	
    odd-ratio:	NA	0.1134015	0.2043288	0.2211202	0.2511481	0.2491910	0.2843964	0.3350943	0.4638985	0.6195682	0.8343857	1.214281	1.553736	1.744996	1.896433	2.120743	2.197938	2.159131	1.974942	1.285008	
    pvalue   :	1	1	1	1	1	1	1	1	1	1	1	0	0	0	0	0	0	0	0	1.532364e-53	

Column 36:  UpsAcc_30nt
    Bin      :	0	0.05	0.1	0.15	0.2	0.25	0.3	0.35	0.4	0.45	0.5	0.55	0.6	0.65	0.7	0.75	0.8	0.85	0.9	0.95	1	
    odd-ratio:	0.06749851	0.2366298	0.5305798	0.6439121	0.7343478	0.7840399	0.8738444	0.9912932	1.123364	1.220681	1.247900	1.224869	1.173547	1.106576	1.100916	1.016476	0.8702512	0.7824166	1.503591	0.2002694	
    pvalue   :	1	1	1	1	1	1	1	0.998164	2.046469e-319	0	0	2.291648e-275	1.477962e-84	1.838553e-16	1.067155e-07	0.2766477	0.998985	0.9998896	2.123959e-08	1	

Column 37:  UpAU_30nt
    Bin      :	0	0.05	0.1	0.15	0.2	0.25	0.3	0.35	0.4	0.45	0.5	0.55	0.6	0.65	0.7	0.75	0.8	0.85	0.9	0.95	1	
    odd-ratio:	NA	0.3359395	0.2704740	0.4347608	0.3841129	0.3593526	0.3870008	0.4072221	0.4817873	0.6110134	0.8635073	1.157476	1.438078	1.759175	1.917490	2.050501	2.065871	1.944223	1.78362	1.374	
    pvalue   :	1	1	1	1	1	1	1	1	1	1	1	0	0	0	0	0	0	0	9.839718e-87	5.282728e-12	

Column 38:  DwsAcc_30nt
    Bin      :	0	0.05	0.1	0.15	0.2	0.25	0.3	0.35	0.4	0.45	0.5	0.55	0.6	0.65	0.7	0.75	0.8	0.85	0.9	0.95	1	
    odd-ratio:	0.07745358	0.1546213	0.4405077	0.598849	0.6505825	0.7315702	0.840615	0.9688867	1.118487	1.223409	1.334666	1.357233	1.375847	1.355238	1.470549	1.597840	1.763056	1.920717	1.462237	1.078777	
    pvalue   :	1	1	1	1	1	1	1	1	2.207342e-293	0	0	0	0	3.184684e-154	6.075506e-135	6.146455e-125	5.953905e-143	5.949209e-168	2.67118e-47	0.0001605441	

Column 39:  DwAU_30nt
    Bin      :	0	0.05	0.1	0.15	0.2	0.25	0.3	0.35	0.4	0.45	0.5	0.55	0.6	0.65	0.7	0.75	0.8	0.85	0.9	0.95	1	
    odd-ratio:	NA	0.09427483	0.2125718	0.2427802	0.2540898	0.2609755	0.30746	0.3332054	0.4311024	0.6036855	0.8997453	1.215541	1.51726	1.810242	1.951764	2.140697	2.230629	2.205925	2.072689	1.298205	
    pvalue   :	0.9999987	1	1	1	1	1	1	1	1	1	1	0	0	0	0	0	0	0	1.699092e-320	1.101544e-49	

Column 43:  SiteBegin
    Bin      :	0	0.05	0.1	0.15	0.2	0.25	0.3	0.35	0.4	0.45	0.5	0.55	0.6	0.65	0.7	0.75	0.8	0.85	0.9	0.95	1	
    odd-ratio:	1.311470	1.293113	1.183320	1.079363	1.053639	0.9913417	0.954769	0.892864	0.8463063	0.879175	0.8445332	0.79571	0.7709733	0.7744337	0.8413023	0.8764167	0.9594353	1.068671	1.360858	1.592109	
    pvalue   :	0	0	4.437101e-246	1.050025e-49	4.27163e-24	0.9494701	1	1	1	1	1	1	1	1	1	1	1	1.191766e-34	0	0	

Column 40:  Gtotal
    Bin      :	-1000	-22	-21	-20	-19	-18	-17	-16	-15	-14	-13	-12	-11	-10	-9	-8	-7	-6	-5	-4	-3	-2	-1	0	1000	
    odd-ratio:	1.933453	2.172786	2.040374	2.159301	2.261906	2.070680	2.284528	2.215185	2.226341	2.166041	2.062547	1.956912	1.856536	1.755417	1.656597	1.544701	1.451937	1.352230	1.265147	1.168459	1.095858	1.009538	0.9256798	0.4367884	
    pvalue   :	5.489938e-13	1.316862e-17	1.584853e-25	4.883344e-54	1.364142e-110	1.820025e-147	0	0	0	0	0	0	0	0	0	0	0	0	0	2.969074e-218	7.371453e-75	0.03267460	1	1	

Column 41:  Gnucl
    Bin      :	-1000	-10	-9.5	-9	-8.5	-8	-7.5	-7	-6.5	-6	-5.5	-5	-4.5	-4	-3.5	-3	-2.5	-2	-1.5	-1	-0.5	0	1000	
    odd-ratio:	NA	0.4147161	0.5038858	0.72018	0.9484397	0.922164	1.107544	1.126259	1.210170	1.306511	1.412736	1.466607	1.42284	1.417436	1.407365	1.366804	1.292807	1.198531	1.152761	1.052534	0.5974473	NA	
    pvalue   :	0.998711	1	1	1	0.9237709	0.9999513	9.851602e-12	4.440985e-21	9.01267e-76	2.407643e-195	0	0	0	0	0	0	0	8.49447e-320	5.099309e-243	1.440084e-44	1	0	

Column 3:  Ghybrid
    Bin      :	-1000	-25	-24	-23	-22	-21	-20	-19	-18	-17	-16	-15	1000	
    odd-ratio:	0.4901893	0.5651253	0.6090131	0.6478062	0.6988932	0.768659	0.8147597	0.8917725	0.9767723	1.050820	1.176826	1.647012	
    pvalue   :	1	1	1	1	1	1	1	1	1	2.879904e-61	0	0	

