Size of positive set is 14355; size of negative set is 112589

Column 4:  dG_hybrid
    Bin      :	-1000	-25	-24	-23	-22	-21	-20	-19	-18	-17	-16	-15	1000	
    odd-ratio:	1.151892	0.916548	1.176249	1.182285	1.099597	1.122065	1.055470	1.088752	1.138549	1.055063	1.049162	0.7954105	
    Pos_Count:	14355	251	153	292	436	595	825	1022	1314	1580	1694	1699	4494	
    Neg_Count:	112589	1713	1308	1953	2906	4260	5803	7623	9537	11032	12671	12772	41011	
Column 43:  dG_nucl
    Bin      :	-1000	-10	-9.5	-9	-8.5	-8	-7.5	-7	-6.5	-6	-5.5	-5	-4.5	-4	-3.5	-3	-2.5	-2	-1.5	-1	-0.5	0	1000	
    odd-ratio:	NA	1.292357	1.048438	1.424242	0.855952	0.9458905	1.125926	1.179442	1.064286	1.079151	0.9872647	0.9496564	1.031163	0.9443392	0.9739888	0.8929191	1.033471	0.9303606	0.962374	0.9834263	1.004798	NA	
    Pos_Count:	14355	0	54	27	68	64	207	388	687	775	866	989	888	984	882	852	786	882	805	919	1091	2141	0	
    Neg_Count:	112589	0	328	202	375	586	1715	2711	4602	5730	6322	7850	7310	7500	7299	6850	6859	6707	6758	7471	8690	16724	0	
Column 42:  dG_total
    Bin      :	-1000	-22	-21	-20	-19	-18	-17	-16	-15	-14	-13	-12	-11	-10	-9	-8	-7	-6	-5	-4	-3	-2	-1	0	1000	
    odd-ratio:	0.7742246	0.916188	0.8923007	0.7910771	1.098926	0.997863	0.8987487	0.9650945	1.024966	1.033015	0.9777679	1.029823	1.023681	0.9324085	0.9921622	0.9710902	1.017681	1.026684	0.9922058	1.075429	1.049801	1.152679	1.000340	0.9724397	
    Pos_Count:	14355	41	34	56	80	166	221	306	469	624	797	950	1161	1190	1110	1123	1024	921	801	643	571	452	385	276	954	
    Neg_Count:	112589	415	291	492	792	1186	1737	2664	3807	4780	6062	7609	8863	9135	9285	8872	8253	7106	6128	5081	4176	3382	2629	2164	7680	
Column 16:  Site_Access
    Bin      :	0	0.05	0.1	0.15	0.2	0.25	0.3	0.35	0.4	0.45	0.5	0.55	0.6	0.65	0.7	0.75	0.8	0.85	0.9	0.95	1	
    odd-ratio:	0.5445155	0.7247087	0.7692342	0.8128592	1.020266	0.9571912	1.034563	0.9635448	0.9869617	0.993076	0.9796825	0.978306	1.081746	1.000378	1.010905	1.011722	1.093290	1.219763	1.015686	0.9763904	
    Pos_Count:	14355	18	27	60	137	281	461	816	1143	1550	1772	1776	1589	1411	1009	708	503	369	316	210	199	
    Neg_Count:	112589	259	292	611	1319	2161	3772	6198	9276	12300	13983	14182	12708	10307	7911	5496	3901	2653	2040	1622	1598	
Column 17:  Seed_Access
    Bin      :	0	0.05	0.1	0.15	0.2	0.25	0.3	0.35	0.4	0.45	0.5	0.55	0.6	0.65	0.7	0.75	0.8	0.85	0.9	0.95	1	
    odd-ratio:	0.6934212	0.9046168	1.042882	0.9299512	0.9134736	1.006013	1.040798	0.9194562	1.015483	1.168817	0.9143403	1.030769	1.035069	1.005050	1.045272	0.9253932	0.9477457	1.089703	1.005050	1.141846	
    Pos_Count:	14355	216	156	200	531	559	690	982	943	1007	1215	1077	1064	1001	966	792	633	575	582	534	632	
    Neg_Count:	112589	2427	1351	1505	4466	4782	5381	7420	7998	7786	8254	9174	8114	7603	7541	5957	5346	4748	4203	4168	4365	
Column 18:  Upstream_Access(5nt)
    Bin      :	0	0.05	0.1	0.15	0.2	0.25	0.3	0.35	0.4	0.45	0.5	0.55	0.6	0.65	0.7	0.75	0.8	0.85	0.9	0.95	1	
    odd-ratio:	0.8342849	0.8041485	0.8960824	0.8893505	0.9920441	0.9594264	0.8781665	0.9947613	1.023387	1.006407	0.957926	0.9610125	1.079166	0.9907057	0.9795532	1.072561	1.137189	1.092692	1.092022	0.9858108	
    Pos_Count:	14355	411	241	235	286	681	605	533	681	911	819	752	805	982	823	807	923	963	866	914	1117	
    Neg_Count:	112589	3842	2341	2053	2516	5382	4937	4736	5368	6992	6385	6143	6555	7173	6512	6454	6779	6696	6248	6600	8877	
Column 20:  Dwstream_Access(5nt)
    Bin      :	0	0.05	0.1	0.15	0.2	0.25	0.3	0.35	0.4	0.45	0.5	0.55	0.6	0.65	0.7	0.75	0.8	0.85	0.9	0.95	1	
    odd-ratio:	0.9254286	1.025668	0.8842238	0.9107736	0.8688106	1.001794	0.9904645	0.9819544	1.025628	1.009769	1.044817	0.9425832	1.058666	1.052814	1.063938	0.922151	1.047297	1.206580	1.110813	0.8525908	
    Pos_Count:	14355	468	295	247	291	671	658	649	741	1017	850	839	860	1008	878	856	764	843	801	777	842	
    Neg_Count:	112589	3956	2257	2186	2501	6015	5152	5137	5913	7791	6606	6314	7130	7497	6561	6333	6469	6330	5257	5516	7668	
Column 19:  Upstream_AU(5nt)
    Bin      :	0	0.05	0.1	0.15	0.2	0.25	0.3	0.35	0.4	0.45	0.5	0.55	0.6	0.65	0.7	0.75	0.8	0.85	0.9	0.95	1	
    odd-ratio:	0.9250855	NA	NA	1.198368	2.271371	NA	0.9899081	1.200390	NA	0.9833016	NA	1.203567	NA	0.6146857	0.611156	0.9611155	NA	NA	NA	0.7248284	
    Pos_Count:	14355	194	0	0	682	11	0	13	2068	0	82	0	4229	0	52	42	4411	0	0	0	2571	
    Neg_Count:	112589	1643	0	0	4499	38	0	103	13845	0	654	0	29004	0	662	538	35554	0	0	0	26049	
Column 21:  Dwstream_AU(5nt)
    Bin      :	0	0.05	0.1	0.15	0.2	0.25	0.3	0.35	0.4	0.45	0.5	0.55	0.6	0.65	0.7	0.75	0.8	0.85	0.9	0.95	1	
    odd-ratio:	1.042217	NA	NA	1.264291	NA	NA	NA	1.214244	NA	NA	NA	1.161202	NA	NA	NA	0.8918828	NA	NA	NA	0.6959181	
    Pos_Count:	14355	108	0	0	796	0	0	0	2552	0	0	0	4702	0	0	0	4410	0	0	0	1787	
    Neg_Count:	112589	813	0	0	4996	0	0	0	17018	0	0	0	33272	0	0	0	37389	0	0	0	19101	
Column 22:  Upstream_Access(10nt)
    Bin      :	0	0.05	0.1	0.15	0.2	0.25	0.3	0.35	0.4	0.45	0.5	0.55	0.6	0.65	0.7	0.75	0.8	0.85	0.9	0.95	1	
    odd-ratio:	0.5670597	0.8954913	0.7475399	0.8515214	0.9120817	0.8413268	0.8971842	1.006140	0.9154084	0.9499189	1.048079	1.008923	1.085276	1.137147	1.060128	0.9942292	1.056837	1.219198	1.080388	0.9086227	
    Pos_Count:	14355	53	69	181	214	410	448	687	827	1004	1080	1278	1179	1232	1143	970	808	716	749	625	682	
    Neg_Count:	112589	731	604	1891	1966	3516	4152	5973	6449	8547	8882	9603	9172	8964	7960	7204	6372	5328	4864	4552	5859	
Column 24:  Dwstream_Access(10nt)
    Bin      :	0	0.05	0.1	0.15	0.2	0.25	0.3	0.35	0.4	0.45	0.5	0.55	0.6	0.65	0.7	0.75	0.8	0.85	0.9	0.95	1	
    odd-ratio:	0.8976657	1.115816	0.8923307	1.167828	0.971289	0.9557643	0.8785699	0.9412641	1.005795	1.022875	0.9381002	1.096283	1.020137	1.032811	1.096422	1.078020	1.114675	1.159468	0.937296	0.6809537	
    Pos_Count:	14355	71	62	204	271	460	542	762	907	1216	1268	1238	1314	1208	1040	935	782	650	582	433	410	
    Neg_Count:	112589	620	436	1790	1825	3711	4440	6753	7528	9487	9742	10292	9477	9303	7916	6727	5712	4595	3959	3616	4660	
Column 23:  Upstream_AU(10nt)
    Bin      :	0	0.05	0.1	0.15	0.2	0.25	0.3	0.35	0.4	0.45	0.5	0.55	0.6	0.65	0.7	0.75	0.8	0.85	0.9	0.95	1	
    odd-ratio:	0.7638602	1.158941	NA	1.230949	1.961534	1.299984	1.069628	1.291044	1.840874	1.339334	NA	1.188725	1.343610	1.127907	0.6752779	0.8667385	0.4953672	0.7187577	NA	0.586208	
    Pos_Count:	14355	93	26	0	100	11	334	21	876	19	1931	0	2709	25	3349	86	2561	21	1353	0	840	
    Neg_Count:	112589	953	176	5	638	44	2026	154	5396	81	11707	0	18426	146	23921	996	22556	332	14239	0	10793	
Column 25:  Dwstream_AU(10nt)
    Bin      :	0	0.05	0.1	0.15	0.2	0.25	0.3	0.35	0.4	0.45	0.5	0.55	0.6	0.65	0.7	0.75	0.8	0.85	0.9	0.95	1	
    odd-ratio:	NA	0.8451797	NA	1.085622	NA	1.372424	NA	1.300123	NA	1.331482	NA	1.116804	NA	1.035754	NA	0.8507119	NA	0.7009215	NA	0.5216646	
    Pos_Count:	14355	0	18	0	92	0	438	0	1033	0	2138	0	2978	0	3425	0	2613	0	1257	0	363	
    Neg_Count:	112589	50	167	0	665	0	2524	0	6337	0	13079	0	21378	0	26151	0	23345	0	13559	0	5334	
Column 26:  Upstream_Access(15nt)
    Bin      :	0	0.05	0.1	0.15	0.2	0.25	0.3	0.35	0.4	0.45	0.5	0.55	0.6	0.65	0.7	0.75	0.8	0.85	0.9	0.95	1	
    odd-ratio:	0.5908101	0.7747076	0.6959356	0.7585008	0.867178	0.8505477	0.833114	0.8532563	0.9568437	0.914316	1.005673	1.045545	1.177751	1.104278	1.168588	1.088536	1.096849	1.112324	1.000815	0.870216	
    Pos_Count:	14355	19	53	69	143	270	411	609	809	1103	1241	1434	1453	1463	1182	1074	802	652	576	454	538	
    Neg_Count:	112589	252	536	776	1474	2435	3771	5685	7365	9010	10560	11190	10948	9895	8461	7287	5805	4681	4078	3558	4822	
Column 28:  Dwstream_Access(15nt)
    Bin      :	0	0.05	0.1	0.15	0.2	0.25	0.3	0.35	0.4	0.45	0.5	0.55	0.6	0.65	0.7	0.75	0.8	0.85	0.9	0.95	1	
    odd-ratio:	0.5550221	0.4186119	1.128281	1.317147	0.8728284	1.055897	0.86079	1.004585	0.9693646	1.092966	0.9429235	1.020789	1.060739	1.024378	1.083470	1.125766	1.022192	1.217524	0.8819998	0.5319127	
    Pos_Count:	14355	8	20	92	191	279	531	672	1042	1270	1614	1479	1471	1352	1105	930	731	517	469	302	280	
    Neg_Count:	112589	113	374	640	1141	2500	3952	6077	8138	10247	11694	12226	11326	10051	8476	6766	5122	3970	3039	2678	4059	
Column 27:  Upstream_AU(15nt)
    Bin      :	0	0.05	0.1	0.15	0.2	0.25	0.3	0.35	0.4	0.45	0.5	0.55	0.6	0.65	0.7	0.75	0.8	0.85	0.9	0.95	1	
    odd-ratio:	0.7237956	1.845928	1.147846	0.6869191	1.761300	1.116541	1.265671	1.509033	1.767822	1.331401	1.346518	1.290575	1.123577	1.117766	1.006693	0.8139828	0.4978545	0.6565128	0.5993037	0.5950875	
    Pos_Count:	14355	85	8	6	17	11	71	217	498	25	1011	1509	2179	62	2500	2433	1732	47	959	379	606	
    Neg_Count:	112589	919	34	41	194	49	499	1349	2619	111	6062	9034	13711	433	17870	18977	16241	738	11070	4874	7764	
Column 29:  Dwstream_AU(15nt)
    Bin      :	0	0.05	0.1	0.15	0.2	0.25	0.3	0.35	0.4	0.45	0.5	0.55	0.6	0.65	0.7	0.75	0.8	0.85	0.9	0.95	1	
    odd-ratio:	NA	1.452600	0.9803906	0.9048642	NA	1.319740	1.512646	1.357556	NA	1.378651	1.283681	1.234594	NA	1.123684	0.9715581	0.7890202	NA	0.6600166	0.4625301	0.3982095	
    Pos_Count:	14355	0	5	6	18	0	82	242	531	0	1077	1675	2396	0	2696	2453	1739	0	950	340	145	
    Neg_Count:	112589	25	27	48	156	0	488	1262	3098	0	6256	10505	15720	0	19215	19704	16744	0	10917	5611	2813	
Column 30:  Upstream_Access(20nt)
    Bin      :	0	0.05	0.1	0.15	0.2	0.25	0.3	0.35	0.4	0.45	0.5	0.55	0.6	0.65	0.7	0.75	0.8	0.85	0.9	0.95	1	
    odd-ratio:	0.4749791	0.6529222	0.8563508	0.6293472	0.851762	0.7212017	0.7882829	0.8672736	0.9100855	0.961121	0.97852	1.098259	1.132216	1.230367	1.175259	1.011401	1.143116	1.087634	0.9193737	0.8385081	
    Pos_Count:	14355	10	28	59	86	205	298	520	841	1148	1413	1569	1671	1497	1335	1070	731	591	469	347	467	
    Neg_Count:	112589	165	336	540	1068	1883	3215	5124	7538	9816	11485	12546	12059	10498	8661	7221	5672	4076	3391	2954	4341	
Column 32:  Dwstream_Access(20nt)
    Bin      :	0	0.05	0.1	0.15	0.2	0.25	0.3	0.35	0.4	0.45	0.5	0.55	0.6	0.65	0.7	0.75	0.8	0.85	0.9	0.95	1	
    odd-ratio:	1.634219	0.2254875	0.6785926	0.947191	0.8553196	0.9756698	1.022001	1.039453	0.9989631	1.142633	0.9479428	1.008641	0.9641327	1.138573	1.103097	0.9795453	1.116603	1.113305	0.676629	0.4540214	
    Pos_Count:	14355	5	4	33	101	187	390	699	1069	1405	1801	1619	1655	1351	1250	911	599	488	364	191	233	
    Neg_Count:	112589	24	139	381	836	1711	3133	5370	8089	11030	12559	13313	12882	10952	8703	6516	4792	3440	2571	2200	3948	
Column 31:  Upstream_AU(20nt)
    Bin      :	0	0.05	0.1	0.15	0.2	0.25	0.3	0.35	0.4	0.45	0.5	0.55	0.6	0.65	0.7	0.75	0.8	0.85	0.9	0.95	1	
    odd-ratio:	0.7269858	0.9227175	1.307305	1.089394	1.364846	0.9453129	1.078220	1.348645	1.457310	1.429775	1.386225	1.326238	1.251112	0.9995033	0.8690692	0.806551	0.6803337	0.5298081	0.4742776	0.601128	
    Pos_Count:	14355	85	2	5	10	32	44	122	277	542	1029	1294	1844	2083	2072	1772	1349	758	364	119	552	
    Neg_Count:	112589	915	17	30	72	184	365	888	1619	2952	5769	7510	11261	13450	16258	15700	12829	8527	5270	1950	7023	
Column 33:  Dwstream_AU(20nt)
    Bin      :	0	0.05	0.1	0.15	0.2	0.25	0.3	0.35	0.4	0.45	0.5	0.55	0.6	0.65	0.7	0.75	0.8	0.85	0.9	0.95	1	
    odd-ratio:	NA	NA	0.8714477	1.089394	0.7328223	1.812275	1.074869	1.364678	1.414889	1.436501	1.351785	1.264503	1.193433	1.065764	0.9120595	0.7179648	0.6305474	0.4913589	0.3303735	0.3716189	
    Pos_Count:	14355	0	0	2	10	10	74	113	294	579	1010	1489	1924	2242	2262	1838	1238	705	334	126	105	
    Neg_Count:	112589	7	21	18	72	107	321	825	1699	3248	5635	8879	12278	15117	16810	15613	13081	8524	5206	2939	2189	
Column 34:  Upstream_Access(25nt)
    Bin      :	0	0.05	0.1	0.15	0.2	0.25	0.3	0.35	0.4	0.45	0.5	0.55	0.6	0.65	0.7	0.75	0.8	0.85	0.9	0.95	1	
    odd-ratio:	0.4992174	0.7924086	0.5651553	0.6358263	0.797268	0.7725838	0.7837967	0.8128767	0.8876054	0.9728346	0.9988157	1.087767	1.213666	1.179579	1.156155	1.043423	1.070151	0.9994531	1.006800	0.7806992	
    Pos_Count:	14355	10	28	28	66	158	272	476	780	1161	1561	1669	1774	1700	1323	1027	701	503	380	326	412	
    Neg_Count:	112589	157	277	388	812	1550	2746	4720	7433	10155	12547	13104	12920	11220	8922	7035	5280	3695	2982	2540	4106	
Column 36:  Dwstream_Access(25nt)
    Bin      :	0	0.05	0.1	0.15	0.2	0.25	0.3	0.35	0.4	0.45	0.5	0.55	0.6	0.65	0.7	0.75	0.8	0.85	0.9	0.95	1	
    odd-ratio:	NA	0.2976959	0.2822375	0.8939186	0.6441594	1.038255	1.029506	1.146194	0.987597	0.9129084	1.124166	1.125287	0.9905895	1.029623	1.090448	1.070185	0.9922197	0.9623006	0.6189963	0.3743316	
    Pos_Count:	14355	0	3	8	65	101	330	629	1119	1397	1635	1975	1889	1467	1180	873	626	412	299	153	194	
    Neg_Count:	112589	17	79	222	570	1225	2495	4798	7734	11081	13896	13992	13362	11604	9010	6311	4601	3256	2435	1926	3975	
Column 35:  Upstream_AU(25nt)
    Bin      :	0	0.05	0.1	0.15	0.2	0.25	0.3	0.35	0.4	0.45	0.5	0.55	0.6	0.65	0.7	0.75	0.8	0.85	0.9	0.95	1	
    odd-ratio:	0.7383745	NA	NA	0.7955863	1.476082	1.206933	1.481916	1.096215	1.344691	1.383104	1.552740	1.424009	1.292584	1.132591	0.9114571	0.7527676	0.6217592	0.5585847	0.4509938	0.5855037	
    Pos_Count:	14355	85	0	0	7	19	20	73	219	312	682	897	2681	1839	1970	1709	2219	588	349	123	563	
    Neg_Count:	112589	901	5	10	69	101	130	387	1569	1830	3919	4634	15636	11492	13865	14538	22003	7237	4808	2117	7338	
Column 37:  Dwstream_AU(25nt)
    Bin      :	0	0.05	0.1	0.15	0.2	0.25	0.3	0.35	0.4	0.45	0.5	0.55	0.6	0.65	0.7	0.75	0.8	0.85	0.9	0.95	1	
    odd-ratio:	NA	NA	NA	1.176552	0.64276	1.259018	1.939562	1.334926	1.282727	1.449676	1.424018	1.393475	1.201129	1.193889	0.9691796	0.7660274	0.6032829	0.5234002	0.3918591	0.343438	
    Pos_Count:	14355	0	0	0	6	5	13	58	254	301	584	894	2953	1837	2051	1771	2370	585	323	160	190	
    Neg_Count:	112589	2	0	0	40	61	81	235	1499	1849	3200	5017	17646	12258	13794	14276	23101	7407	4743	3148	4232	
Column 38:  Upstream_Access(30nt)
    Bin      :	0	0.05	0.1	0.15	0.2	0.25	0.3	0.35	0.4	0.45	0.5	0.55	0.6	0.65	0.7	0.75	0.8	0.85	0.9	0.95	1	
    odd-ratio:	0.5481601	0.7388988	0.5131612	0.5756029	0.7535476	0.7109838	0.7387842	0.8470162	0.8693404	0.9769817	0.9596107	1.138634	1.214042	1.197319	1.176254	1.080386	1.041273	0.924764	0.8870487	0.7782163	
    Pos_Count:	14355	10	23	23	49	124	219	427	787	1170	1609	1725	1942	1766	1369	1012	680	445	322	258	395	
    Neg_Count:	112589	143	244	351	666	1287	2401	4486	7216	10428	12883	14028	13601	11662	9111	6820	4954	3356	2726	2276	3950	
Column 40:  Dwstream_Access(30nt)
    Bin      :	0	0.05	0.1	0.15	0.2	0.25	0.3	0.35	0.4	0.45	0.5	0.55	0.6	0.65	0.7	0.75	0.8	0.85	0.9	0.95	1	
    odd-ratio:	NA	NA	0.1080577	0.6803844	0.8244002	0.8281083	1.004481	1.188215	0.9857478	1.036836	1.052451	1.092917	1.096308	1.112113	0.9678053	1.055280	0.7683589	0.8664496	0.5180968	0.3484627	
    Pos_Count:	14355	0	0	2	33	98	215	546	1109	1393	1833	2029	1940	1597	1246	837	591	311	264	126	185	
    Neg_Count:	112589	2	47	145	380	931	2030	4264	7411	11068	13929	15228	14084	11538	8865	6770	4402	3154	2383	1892	4066	
Column 39:  Upstream_AU(30nt)
    Bin      :	0	0.05	0.1	0.15	0.2	0.25	0.3	0.35	0.4	0.45	0.5	0.55	0.6	0.65	0.7	0.75	0.8	0.85	0.9	0.95	1	
    odd-ratio:	0.7442026	NA	NA	0.5881532	1.612254	0.9676235	1.561952	1.169744	1.409297	1.428128	1.430299	1.464497	1.338408	1.128360	0.8632426	0.7305304	0.599218	0.4357312	0.3027521	0.5993288	
    Pos_Count:	14355	85	0	0	3	15	19	67	162	217	964	796	2452	1652	3235	1474	1773	507	338	48	548	
    Neg_Count:	112589	894	9	8	40	73	154	337	1088	1213	5403	4439	13884	9971	23078	13178	18206	6483	5904	1234	6993	
Column 41:  Dwstream_AU(30nt)
    Bin      :	0	0.05	0.1	0.15	0.2	0.25	0.3	0.35	0.4	0.45	0.5	0.55	0.6	0.65	0.7	0.75	0.8	0.85	0.9	0.95	1	
    odd-ratio:	NA	NA	NA	NA	1.845692	1.569710	1.494768	1.327478	1.026555	1.457621	1.429738	1.377192	1.381101	1.119450	0.973004	0.7618592	0.5833002	0.47014	0.3118952	0.3418231	
    Pos_Count:	14355	0	0	0	0	4	27	24	159	151	920	795	2522	1784	3327	1483	1937	489	459	96	178	
    Neg_Count:	112589	0	1	2	12	17	135	126	942	1154	5052	4435	15089	10491	23901	11920	19134	6419	7391	2379	3989	
Column 15:  Site_Location
    Bin      :	0	0.05	0.1	0.15	0.2	0.25	0.3	0.35	0.4	0.45	0.5	0.55	0.6	0.65	0.7	0.75	0.8	0.85	0.9	0.95	1	
    odd-ratio:	0.8891081	0.847379	0.9687606	1.103721	1.074307	1.108034	1.027404	1.125076	1.187908	1.104584	1.112885	1.013513	1.072108	1.019156	0.9568135	0.9328926	0.938474	0.7811643	0.5990072	0.568852	
    Pos_Count:	14355	1294	813	826	903	858	846	795	883	903	836	791	766	747	731	642	574	512	373	210	52	
    Neg_Count:	112589	11288	7449	6675	6455	6290	6023	6078	6198	6022	5969	5606	5932	5484	5631	5252	4812	4269	3718	2723	715	
Column 10:  3'_bp
    Bin      :	0	1	
    odd-ratio:	0.9919103	1.008156	
    Pos_Count:	14355	12468	1887	
    Neg_Count:	112589	97893	14696	
Column 7:  Seed_Type
    Bin      :	offset-6mer	6mer	7mer-A1	7mer-m8	8mer	
    odd-ratio:	0.8812226	1.144636	0.985215	0.984118	1.042546	
    Pos_Count:	14355	4982	5228	1781	1696	668	
    Neg_Count:	112589	42360	37551	14152	13491	5035	
Column 7*10:  Seed_Type*3'_bp
    Bin      :	offset-6mer@0	offset-6mer@1	6mer@0	6mer@1	7mer-A1@0	7mer-A1@1	7mer-m8@0	7mer-m8@1	8mer@0	8mer@1	
    odd-ratio:	0.8871239	0.9279155	1.118891	1.170506	0.9857734	0.9850224	1.010798	0.8299876	1.042425	1.039848	
    Pos_Count:	14355	4324	658	4508	720	1553	228	1505	191	578	90	
    Neg_Count:	112589	36818	5542	32691	4860	12337	1815	11691	1800	4356	679	
Column 4:  Site_Consv
    Bin      :	0	0.1	0.2	0.3	0.4	0.5	0.6	0.7	0.8	0.9	1	
    odd-ratio:	0.3818943	0.7870996	0.7429994	0.8617004	0.9902755	1.151569	1.240987	1.517929	1.604373	2.221594	
    Pos_Count:	14355	1562	1124	989	1161	1280	1423	1352	1387	1418	2659	
    Neg_Count:	112589	27276	10968	10197	10432	10129	9820	8704	7411	7200	10452	
Column 8:  Seed_Consv
    Bin      :	0	0.1	0.2	0.3	0.4	0.5	0.6	0.7	0.8	0.9	1	
    odd-ratio:	0.4609631	0.7767468	0.863016	0.86092	0.9562375	0.8876373	1.079798	0.9937152	1.315592	2.229417	
    Pos_Count:	14355	2454	1021	837	710	726	712	760	729	1272	5134	
    Neg_Count:	112589	34798	10103	7537	6417	5941	6252	5542	5752	7748	22499	
Column *:  Offseed_Consv
    Bin      :	0	0.1	0.2	0.3	0.4	0.5	0.6	0.7	0.8	0.9	1	
    odd-ratio:	0.4210028	0.8497328	0.8727803	0.9275354	0.9287739	1.099245	1.179587	1.492683	1.548509	2.174078	
    Pos_Count:	13552	1759	1250	1129	1071	1047	1176	1130	1229	1232	2529	
    Neg_Count:	106164	27773	11339	10012	8990	8779	8447	7601	6649	6440	10134	

