Size of positive set is 9925; size of negative set is 15283492

Column 39:  site_conser
    Bin      :	0	0.1	0.2	0.3	0.4	0.5	0.6	0.7	0.8	0.9	1	
    odd-ratio:	0.6021346	0.4390265	0.7475022	0.7277577	0.6596726	0.6092067	0.7015856	0.8819312	2.377561	2.336938	

Column 8:  region12_17
    Bin      :	0	1	
    odd-ratio:	0.6992491	1.430105	
    pvalue   :	1	2.70431e-35	

Column 9:  SiteAcc
    Bin      :	0	0.05	0.1	0.15	0.2	0.25	0.3	0.35	0.4	0.45	0.5	0.55	0.6	0.65	0.7	0.75	0.8	0.85	0.9	0.95	1	
    odd-ratio:	0.3428812	0.3324908	0.4452061	0.6029986	0.6544318	0.6732649	0.8194208	0.9312994	1.251405	1.569099	1.986481	2.952966	3.961111	3.513618	3.814469	5.539712	2.294191	3.722304	4.51264	3.747819	
    pvalue   :	1	1	1	1	1	1	1	0.9941255	2.189588e-14	2.198481e-39	8.830937e-60	5.286753e-99	4.794026e-96	6.930617e-37	9.580798e-22	9.710215e-23	0.003980315	0.0001162427	0.0002141090	0.004819879	

Column 11:  UpsAcc_5nt
    Bin      :	0	0.05	0.1	0.15	0.2	0.25	0.3	0.35	0.4	0.45	0.5	0.55	0.6	0.65	0.7	0.75	0.8	0.85	0.9	0.95	1	
    odd-ratio:	0.6408253	0.6496477	0.6806298	0.512267	0.6950812	0.8998231	0.770563	1.179321	0.9048537	1.283744	1.244365	1.170161	1.314499	1.364580	1.533090	1.490106	1.711122	2.564639	1.595606	2.153796	
    pvalue   :	1	1	1	1	1	0.996465	1	1.50727e-06	0.9956132	8.269987e-10	5.454164e-07	0.0002117179	2.396514e-09	7.52864e-09	2.20842e-14	5.616435e-13	5.63316e-19	1.356720e-49	2.682538e-10	1.350279e-40	

Column 12:  UpAU_5nt
    Bin      :	0	0.05	0.1	0.15	0.2	0.25	0.3	0.35	0.4	0.45	0.5	0.55	0.6	0.65	0.7	0.75	0.8	0.85	0.9	0.95	1	
    odd-ratio:	0.2023324	NA	NA	0.503727	0.02938805	NA	0.06875575	1.056546	NA	0.06922281	NA	1.682962	NA	NA	NA	2.861246	NA	NA	NA	2.192137	
    pvalue   :	1	0	0	1	1	0	1	0.005337863	0	1	0	6.416981e-112	0	1	0.999999	8.133093e-265	0	0	0	2.60999e-52	

Column 13:  DwsAcc_5nt
    Bin      :	0	0.05	0.1	0.15	0.2	0.25	0.3	0.35	0.4	0.45	0.5	0.55	0.6	0.65	0.7	0.75	0.8	0.85	0.9	0.95	1	
    odd-ratio:	0.6098464	0.9701405	0.771291	0.941422	1.132114	1.187042	0.9485457	0.9475748	1.022664	1.000939	0.7923357	1.095743	1.148114	1.295442	1.171707	1.434559	1.323069	0.7463415	1.126355	1.231783	
    pvalue   :	1	0.7194429	0.9999993	0.930555	7.038543e-06	5.170972e-07	0.9036622	0.9244534	0.2591512	0.4800282	0.9999946	0.02232883	0.002581283	4.326074e-06	0.007027977	6.537418e-10	4.852507e-05	0.9935507	0.1202369	0.01342823	

Column 14:  DwAU_5nt
    Bin      :	0	0.05	0.1	0.15	0.2	0.25	0.3	0.35	0.4	0.45	0.5	0.55	0.6	0.65	0.7	0.75	0.8	0.85	0.9	0.95	1	
    odd-ratio:	0.2200696	NA	NA	0.6501367	NA	NA	NA	1.253575	NA	NA	NA	1.659396	NA	NA	NA	1.407426	NA	NA	NA	1.758018	
    pvalue   :	1	0	0	1	0	0	0	1.299208e-27	0	0	0	3.973921e-105	0	0	0	2.252396e-19	0	0	0	6.12794e-12	

Column 15:  UpsAcc_10nt
    Bin      :	0	0.05	0.1	0.15	0.2	0.25	0.3	0.35	0.4	0.45	0.5	0.55	0.6	0.65	0.7	0.75	0.8	0.85	0.9	0.95	1	
    odd-ratio:	0.1936908	0.517599	0.6359235	0.4208818	0.61953	0.8215569	0.7126465	0.8507641	1.156296	1.202853	1.342022	1.653288	1.844978	2.033626	3.290526	1.879618	1.811799	1.598043	1.546753	1.977762	
    pvalue   :	1	1	1	1	1	1	1	0.9999982	4.061695e-06	1.43121e-07	7.320781e-15	4.709156e-34	8.508676e-40	5.494715e-41	1.275113e-104	4.288427e-17	7.434247e-11	2.444805e-06	2.046345e-05	1.080382e-17	

Column 16:  UpAU_10nt
    Bin      :	0	0.05	0.1	0.15	0.2	0.25	0.3	0.35	0.4	0.45	0.5	0.55	0.6	0.65	0.7	0.75	0.8	0.85	0.9	0.95	1	
    odd-ratio:	0.09038151	0.2690528	NA	0.2565403	0.03290022	0.6533551	0.03720194	1.011129	0.1204906	1.485481	NA	1.937649	NA	2.799857	NA	5.473812	NA	5.810582	NA	0.1754239	
    pvalue   :	1	1	1	1	1	1	1	0.3273571	1	3.583084e-55	0	4.537347e-113	0.999157	4.835968e-186	1	7.277811e-317	0.930192	2.205814e-115	0	1	

Column 17:  DwsAcc_10nt
    Bin      :	0	0.05	0.1	0.15	0.2	0.25	0.3	0.35	0.4	0.45	0.5	0.55	0.6	0.65	0.7	0.75	0.8	0.85	0.9	0.95	1	
    odd-ratio:	0.3085529	0.3440043	0.9543342	0.7069381	1.299067	0.8628734	1.112516	0.8309449	0.9030692	0.9613029	1.036775	1.702578	0.9052098	1.627282	1.414164	1.236721	1.377638	0.9959947	0.8030292	0.8132768	
    pvalue   :	1	1	0.8691654	1	1.124460e-19	0.9999947	0.0001351973	1	0.9985044	0.8451621	0.1837921	3.802310e-37	0.9451377	1.132948e-15	1.084501e-05	0.01958593	0.00855907	0.4573529	0.7134304	0.6279834	

Column 18:  DwAU_10nt
    Bin      :	0	0.05	0.1	0.15	0.2	0.25	0.3	0.35	0.4	0.45	0.5	0.55	0.6	0.65	0.7	0.75	0.8	0.85	0.9	0.95	1	
    odd-ratio:	0.1260689	0.3726821	NA	0.3187722	NA	0.7457257	NA	1.112988	NA	2.045454	NA	1.76287	NA	1.655707	NA	1.210758	NA	1.233131	NA	NA	
    pvalue   :	1	1	0	1	0	1	0	4.396045e-06	0	5.402666e-199	0	5.713551e-79	0	1.171367e-30	0	0.007692369	0	0.07424887	0	0.999743	

Column 19:  UpsAcc_15nt
    Bin      :	0	0.05	0.1	0.15	0.2	0.25	0.3	0.35	0.4	0.45	0.5	0.55	0.6	0.65	0.7	0.75	0.8	0.85	0.9	0.95	1	
    odd-ratio:	0.1297074	0.47685	0.5664516	0.634755	0.4437934	0.6634329	0.5921434	0.8718694	1.030268	1.530286	1.493731	2.165846	2.340653	3.614118	2.703428	2.695512	0.8138605	3.400665	1.986792	0.265279	
    pvalue   :	1	1	1	1	1	1	1	0.9999929	0.1698724	1.325805e-40	9.140945e-27	2.079782e-79	5.338032e-67	5.017237e-131	3.107404e-43	1.128107e-30	0.8997429	1.647160e-38	9.820165e-11	1	

Column 20:  UpAU_15nt
    Bin      :	0	0.05	0.1	0.15	0.2	0.25	0.3	0.35	0.4	0.45	0.5	0.55	0.6	0.65	0.7	0.75	0.8	0.85	0.9	0.95	1	
    odd-ratio:	0.02444329	0.23697	0.2067979	0.2744592	0.02409139	0.3090150	0.6060205	1.036692	0.07688459	1.519299	2.009766	2.0049	1.321726	3.146472	3.811697	7.012824	NA	5.684168	1.057029	NA	
    pvalue   :	1	1	1	1	1	1	1	0.1012416	1	2.398098e-53	8.717074e-119	8.87468e-87	0.08478788	7.498922e-190	1.303453e-152	1.000490e-222	0.9665517	5.530026e-62	0.3489487	1	

Column 21:  DwsAcc_15nt
    Bin      :	0	0.05	0.1	0.15	0.2	0.25	0.3	0.35	0.4	0.45	0.5	0.55	0.6	0.65	0.7	0.75	0.8	0.85	0.9	0.95	1	
    odd-ratio:	0.02557236	0.4324409	0.6323199	0.8226667	1.011367	1.060258	0.6802973	0.969541	0.8531063	1.124174	1.344051	1.761124	1.399463	2.01403	3.498833	1.916136	1.354710	NA	1.002213	NA	
    pvalue   :	1	1	1	0.9999975	0.3544109	0.01997817	1	0.8479432	0.9999994	0.0002901560	1.398247e-14	2.324131e-36	4.170132e-08	3.153146e-21	4.49245e-50	3.683746e-06	0.07367881	0.9996634	0.3694386	0.8732976	

Column 22:  DwAU_15nt
    Bin      :	0	0.05	0.1	0.15	0.2	0.25	0.3	0.35	0.4	0.45	0.5	0.55	0.6	0.65	0.7	0.75	0.8	0.85	0.9	0.95	1	
    odd-ratio:	NA	0.508645	0.2844261	0.1892781	NA	0.4211226	0.8127414	1.219546	NA	1.557257	2.435370	1.759558	NA	1.96795	1.148997	1.367647	NA	0.4931327	NA	NA	
    pvalue   :	1	1	1	1	0	1	1	2.578368e-14	0	3.737656e-61	1.569738e-225	1.106440e-52	0	2.977730e-45	0.04445129	0.004435597	0	0.986495	0.9971	0.8974694	

Column 23:  UpsAcc_20nt
    Bin      :	0	0.05	0.1	0.15	0.2	0.25	0.3	0.35	0.4	0.45	0.5	0.55	0.6	0.65	0.7	0.75	0.8	0.85	0.9	0.95	1	
    odd-ratio:	0.01230791	0.1389840	0.5634687	0.5616101	0.4761548	0.5741898	0.6664844	0.8341049	0.9923988	1.619140	2.052020	2.445091	3.833047	2.599117	2.91411	4.683211	1.769542	NA	NA	NA	
    pvalue   :	1	1	1	1	1	1	1	1	0.5896998	8.704848e-53	9.249643e-90	9.573818e-98	2.221270e-174	4.694553e-45	3.174792e-39	6.917512e-83	2.254110e-06	1	1	1	

Column 24:  UpAU_20nt
    Bin      :	0	0.05	0.1	0.15	0.2	0.25	0.3	0.35	0.4	0.45	0.5	0.55	0.6	0.65	0.7	0.75	0.8	0.85	0.9	0.95	1	
    odd-ratio:	0.04193509	0.1899411	0.2889289	0.3348444	0.1730212	0.3083946	0.6341417	1.126015	1.628829	1.437619	2.391837	2.152797	3.740857	2.834015	6.290808	5.35585	1.814337	NA	NA	NA	
    pvalue   :	1	1	1	1	1	1	1	5.323113e-05	3.126547e-60	1.065281e-30	7.476602e-144	1.217429e-82	2.675143e-202	6.011524e-81	3.938392e-228	9.387135e-85	0.0007017664	0.999923	0.9506796	1	

Column 25:  DwsAcc_20nt
    Bin      :	0	0.05	0.1	0.15	0.2	0.25	0.3	0.35	0.4	0.45	0.5	0.55	0.6	0.65	0.7	0.75	0.8	0.85	0.9	0.95	1	
    odd-ratio:	NA	0.1912875	0.4732082	0.645688	0.8914906	0.9531153	0.7207852	0.7628955	0.845878	1.675622	1.666881	2.110277	1.870634	3.056612	2.903714	2.497176	NA	NA	NA	NA	
    pvalue   :	0.9999164	1	1	1	0.9996256	0.950628	1	1	1	1.058169e-63	5.806343e-41	5.52905e-57	2.641410e-20	1.047723e-41	1.616526e-18	4.978173e-07	0.999011	0.9525335	0.7979148	0.5284745	

Column 26:  DwAU_20nt
    Bin      :	0	0.05	0.1	0.15	0.2	0.25	0.3	0.35	0.4	0.45	0.5	0.55	0.6	0.65	0.7	0.75	0.8	0.85	0.9	0.95	1	
    odd-ratio:	0.252792	0.5034718	0.2179516	0.1887816	0.2366909	0.3678119	1.056144	1.309704	1.355502	1.950134	2.390914	1.767224	2.80694	1.437905	0.7626572	1.185248	0.1731283	NA	NA	NA	
    pvalue   :	1	1	1	1	1	1	0.03063430	1.208458e-21	8.183889e-25	4.458036e-110	2.594022e-156	2.249521e-39	4.970721e-103	3.003731e-06	0.9626124	0.1456948	0.9992321	0.9900831	0.8237878	0.5473716	

Column 27:  UpsAcc_25nt
    Bin      :	0	0.05	0.1	0.15	0.2	0.25	0.3	0.35	0.4	0.45	0.5	0.55	0.6	0.65	0.7	0.75	0.8	0.85	0.9	0.95	1	
    odd-ratio:	0.01314929	0.185514	0.5272391	0.4586363	0.4268793	0.6209518	0.6675291	0.9172957	1.085378	1.525231	2.42947	3.616631	2.611818	1.797678	3.979949	3.805549	0.1020727	NA	NA	NA	
    pvalue   :	1	1	1	1	1	1	1	0.99897	0.002688286	6.42695e-39	3.643747e-136	5.567946e-215	1.655158e-58	2.25425e-12	4.044895e-67	4.45445e-48	1	1	1	1	

Column 28:  UpAU_25nt
    Bin      :	0	0.05	0.1	0.15	0.2	0.25	0.3	0.35	0.4	0.45	0.5	0.55	0.6	0.65	0.7	0.75	0.8	0.85	0.9	0.95	1	
    odd-ratio:	0.01633044	0.2241742	0.1575726	0.3671594	0.1714943	0.2026847	0.358934	0.935763	1.559867	1.853408	1.591790	3.013631	2.418696	2.909553	4.925148	5.901939	0.3004795	NA	NA	NA	
    pvalue   :	1	1	1	1	1	1	1	0.9937545	6.020462e-44	4.417402e-91	3.855882e-33	2.199965e-310	2.310312e-58	1.328859e-78	4.072533e-145	8.600206e-150	0.9969943	0.9996825	0.909075	1	

Column 29:  DwsAcc_25nt
    Bin      :	0	0.05	0.1	0.15	0.2	0.25	0.3	0.35	0.4	0.45	0.5	0.55	0.6	0.65	0.7	0.75	0.8	0.85	0.9	0.95	1	
    odd-ratio:	NA	NA	0.4347739	0.7463387	0.6232745	0.8269106	0.710576	0.6566906	1.179051	2.044351	1.974583	2.266943	3.116029	0.5124823	NA	NA	NA	NA	NA	NA	
    pvalue   :	0.9692196	1	1	1	1	1	1	1	1.776965e-09	1.996964e-130	1.655863e-70	3.007635e-57	5.662191e-65	0.9997485	1	0.999452	0.9747013	0.8219476	0.5618288	0.2381543	

Column 30:  DwAU_25nt
    Bin      :	0	0.05	0.1	0.15	0.2	0.25	0.3	0.35	0.4	0.45	0.5	0.55	0.6	0.65	0.7	0.75	0.8	0.85	0.9	0.95	1	
    odd-ratio:	NA	0.2565201	0.6622376	0.1317806	0.2465664	0.3268166	0.4456043	1.214102	0.9103935	2.067793	2.402734	2.472998	2.141429	2.076740	1.081045	1.500592	NA	NA	NA	NA	
    pvalue   :	1	1	1	1	1	1	1	1.198769e-16	0.9957952	2.961356e-125	7.980278e-159	3.038142e-200	1.844656e-40	1.705549e-22	0.2413265	0.0005624397	0.9995226	0.9742036	0.7897503	0.6674865	

Column 31:  UpsAcc_30nt
    Bin      :	0	0.05	0.1	0.15	0.2	0.25	0.3	0.35	0.4	0.45	0.5	0.55	0.6	0.65	0.7	0.75	0.8	0.85	0.9	0.95	1	
    odd-ratio:	0.01349098	0.1852866	0.5922127	0.3690821	0.477005	0.4636061	0.797145	0.9565682	1.086030	1.683391	2.445189	4.102834	3.227909	2.79307	2.222921	0.1581821	NA	NA	NA	NA	
    pvalue   :	1	1	1	1	1	1	1	0.9493933	0.002286907	8.406972e-60	1.770242e-127	1.042573e-244	1.183511e-84	3.333130e-39	5.247136e-15	1	1	1	1	1	

Column 32:  UpAU_30nt
    Bin      :	0	0.05	0.1	0.15	0.2	0.25	0.3	0.35	0.4	0.45	0.5	0.55	0.6	0.65	0.7	0.75	0.8	0.85	0.9	0.95	1	
    odd-ratio:	0.01734687	0.02310946	0.2293172	0.3835228	0.1998440	0.2733748	0.2821823	0.9776906	1.874506	1.844338	1.760692	2.889055	3.43575	3.605176	4.962999	1.534573	0.1937550	NA	NA	NA	
    pvalue   :	1	1	1	1	1	1	1	0.787314	2.676169e-86	3.605446e-120	4.360734e-40	3.371899e-233	1.28551e-119	1.595124e-163	1.271642e-108	0.0004023747	0.997863	0.9998555	0.7549344	1	

Column 33:  DwsAcc_30nt
    Bin      :	0	0.05	0.1	0.15	0.2	0.25	0.3	0.35	0.4	0.45	0.5	0.55	0.6	0.65	0.7	0.75	0.8	0.85	0.9	0.95	1	
    odd-ratio:	NA	NA	0.129748	0.6705222	0.6319718	0.558518	0.7607624	0.7672391	1.440735	1.973140	2.588127	1.897112	1.114355	1.278889	NA	NA	NA	NA	NA	NA	
    pvalue   :	0.6760108	0.9999999	1	1	1	1	1	1	4.717557e-44	5.733023e-114	9.027953e-143	1.097699e-26	0.1456096	0.05456337	0.999994	0.9888025	0.8843075	0.6877818	0.3593995	0.1569563	

Column 34:  DwAU_30nt
    Bin      :	0	0.05	0.1	0.15	0.2	0.25	0.3	0.35	0.4	0.45	0.5	0.55	0.6	0.65	0.7	0.75	0.8	0.85	0.9	0.95	1	
    odd-ratio:	NA	0.2606144	0.5297842	0.09646476	0.3617787	0.2889125	0.4672944	1.154222	1.182607	2.120787	1.950447	2.998279	1.819712	1.625142	1.051244	1.674649	NA	NA	NA	NA	
    pvalue   :	1	1	1	1	1	1	1	6.319983e-09	6.39563e-07	3.68096e-198	1.02907e-65	1.892797e-266	5.517028e-20	3.949613e-13	0.3422617	0.0003105027	0.9932706	0.987422	0.4493285	0.2952525	

Column 38:  SiteBegin
    Bin      :	0	0.05	0.1	0.15	0.2	0.25	0.3	0.35	0.4	0.45	0.5	0.55	0.6	0.65	0.7	0.75	0.8	0.85	0.9	0.95	1	
    odd-ratio:	0.01579978	0.07664981	0.9284893	0.6410415	0.5288148	0.3541436	0.6702298	0.6290255	0.4395627	0.4073136	0.6873009	1.313005	1.516275	1.901227	1.508658	2.668922	2.360809	1.790349	2.061475	1.409712	
    pvalue   :	1	1	0.9419718	1	1	1	1	1	1	1	1	1.681342e-10	1.920565e-23	3.506424e-60	7.700474e-23	1.668990e-164	2.903402e-117	1.849548e-47	1.772767e-78	1.957436e-16	

Column 35:  Gtotal
    Bin      :	-1000	-22	-21	-20	-19	-18	-17	-16	-15	-14	-13	-12	-11	-10	-9	-8	-7	-6	-5	-4	-3	-2	-1	0	1000	
    odd-ratio:	1.482145	3.666962	1.944507	1.727855	1.894246	2.499054	2.654059	2.510836	2.141748	2.443403	2.034107	2.357624	1.908206	1.732216	1.688751	1.620487	1.455779	1.383795	1.345428	1.269472	1.363305	1.213284	1.166997	0.5151195	
    pvalue   :	0.1470992	0.01811022	0.08569409	0.09876768	0.04275171	0.0007251545	4.577749e-06	8.490309e-08	1.291763e-07	5.909696e-15	1.067493e-12	1.419127e-26	1.476054e-18	1.032013e-16	1.333020e-18	9.717604e-19	3.339963e-13	3.06471e-11	2.014180e-10	1.199355e-07	8.516515e-13	6.544454e-06	0.0002367109	1	

Column 36:  Gnucl
    Bin      :	-1000	-10	-9.5	-9	-8.5	-8	-7.5	-7	-6.5	-6	-5.5	-5	-4.5	-4	-3.5	-3	-2.5	-2	-1.5	-1	-0.5	0	1000	
    odd-ratio:	NA	1.422448	NA	0.9763143	2.299436	0.7254161	2.561544	2.020168	1.339931	1.227372	1.636143	1.874784	1.524354	1.710622	1.421746	1.204042	1.643947	1.401405	1.265154	1.011907	0.5793109	NA	
    pvalue   :	0.06163859	0.1631420	0.8695408	0.4413119	6.95311e-05	0.9272492	6.576948e-19	1.853323e-13	0.0008413419	0.009255242	1.131146e-12	2.344448e-23	1.977923e-11	1.572295e-20	6.64385e-10	0.0005567042	7.892723e-26	2.522186e-14	1.324711e-09	0.3543796	1	0	

Column 3:  Ghybrid
    Bin      :	-1000	-25	-24	-23	-22	-21	-20	-19	-18	-17	-16	-15	1000	
    odd-ratio:	0.4745518	0.8112899	0.8392062	0.9110848	0.7896327	0.8782241	0.9713855	1.022348	1.078899	1.113393	1.178607	0.9717342	
    pvalue   :	1	0.9963292	0.99687	0.9600123	0.9999997	0.9994064	0.7943543	0.2310226	0.003233969	1.823233e-05	1.281850e-11	0.6404092	

