Size of positive set is 15830; size of negative set is 542400

Column 44:  site_conser
    Bin      :	0	0.1	0.2	0.3	0.4	0.5	0.6	0.7	0.8	0.9	1	
    odd-ratio:	0.7001642	0.5656053	0.651118	0.7174455	0.7033805	0.5602085	0.5875842	0.7404423	0.7843141	1.696066	
Column 45:  seed_conser
    Bin      :	0	0.1	0.2	0.3	0.4	0.5	0.6	0.7	0.8	0.9	1	
    odd-ratio:	0.6521469	0.7386114	0.732195	0.6414537	0.8280641	0.6135793	0.7356251	0.7975137	0.8386666	1.511139	
Column 46:  offseed_conser
    Bin      :	0	0.1	0.2	0.3	0.4	0.5	0.6	0.7	0.8	0.9	1	
    odd-ratio:	0.6791464	0.7445269	0.6051821	0.6607736	0.6145213	0.6121565	0.7209774	0.7100193	0.7577871	1.687066	

Column 6:  Seed_kind
    Bin      :	6mer	7mer-A1	7mer-m8	8mer	offset-6mer	
    odd-ratio:	0.6709981	1.972901	1.502826	4.434014	0.582644	
    pvalue   :	1	3.573281e-152	2.292344e-80	0	1	

Column 6*9:  Seed_kind*region12_17
    Bin      :	6mer@0	6mer@1	7mer-A1@0	7mer-A1@1	7mer-m8@0	7mer-m8@1	8mer@0	8mer@1	offset-6mer@0	offset-6mer@1	
    odd-ratio:	0.6479543	0.9707225	1.880722	2.256331	1.354240	2.36215	4.239219	4.960344	0.5609081	0.999429	
    pvalue   :	1	0.7506188	9.377649e-114	3.909725e-39	5.503818e-40	1.232132e-63	0	4.237929e-92	1	0.4970367	

Column 9:  region12_17
    Bin      :	0	1	
    odd-ratio:	0.6954536	1.437910	
    pvalue   :	1	2.246848e-57	

Column 14:  SiteAcc
    Bin      :	0	0.05	0.1	0.15	0.2	0.25	0.3	0.35	0.4	0.45	0.5	0.55	0.6	0.65	0.7	0.75	0.8	0.85	0.9	0.95	1	
    odd-ratio:	0.8549719	1.23172	0.8494072	0.8204225	0.6690225	0.6227582	0.6969391	0.8216042	0.9721575	1.256531	1.672247	2.339789	2.814351	3.415312	3.964716	4.157594	6.579238	7.394594	7.059724	5.596454	
    pvalue   :	0.7831367	0.01985109	0.991876	0.9999971	1	1	1	1	0.893163	1.195838e-20	5.013264e-69	8.400196e-120	7.779626e-99	1.113151e-75	5.124443e-48	2.025468e-26	3.478385e-27	3.889313e-14	1.012586e-08	3.105043e-05	

Column 15:  SeedAcc
    Bin      :	0	0.05	0.1	0.15	0.2	0.25	0.3	0.35	0.4	0.45	0.5	0.55	0.6	0.65	0.7	0.75	0.8	0.85	0.9	0.95	1	
    odd-ratio:	0.8338837	1.017167	0.8708331	0.8540944	0.9016845	0.9334757	1.027822	0.9483351	0.9389111	1.108225	1.047426	1.028382	1.257344	1.164234	1.516471	0.9626915	1.364911	1.336855	2.670204	1.244139	
    pvalue   :	1	0.3316726	0.9996838	1	0.999809	0.9909577	0.1412084	0.9644051	0.9753526	0.0004755564	0.08452344	0.2324909	1.372970e-08	0.0002596987	7.935971e-17	0.6819587	7.241318e-07	0.0003731554	1.375272e-32	0.02301342	

Column 16:  UpsAcc_5nt
    Bin      :	0	0.05	0.1	0.15	0.2	0.25	0.3	0.35	0.4	0.45	0.5	0.55	0.6	0.65	0.7	0.75	0.8	0.85	0.9	0.95	1	
    odd-ratio:	0.8444527	0.9669693	0.8904611	0.7994987	0.8455943	0.8667057	0.8613362	0.9282925	0.8921123	1.003650	1.168426	1.133268	1.074751	1.199959	1.421671	1.1396	1.386926	1.679768	1.818726	1.193861	
    pvalue   :	1	0.7765648	0.9948002	1	1	0.999996	0.9999955	0.9923326	0.9999357	0.4488604	2.798137e-06	0.0001106496	0.02417129	5.408408e-06	5.763752e-17	0.001555899	3.937127e-12	3.592087e-21	1.943848e-25	0.002626048	

Column 17:  UpAU_5nt
    Bin      :	0	0.05	0.1	0.15	0.2	0.25	0.3	0.35	0.4	0.45	0.5	0.55	0.6	0.65	0.7	0.75	0.8	0.85	0.9	0.95	1	
    odd-ratio:	0.3375695	NA	NA	0.5099989	NA	NA	NA	0.7378632	NA	NA	NA	1.270259	NA	NA	NA	1.839993	NA	NA	NA	2.064799	
    pvalue   :	1	0	0	1	0	0	0	1	0	0.5658103	0	4.623123e-44	0	0.741309	0.3867924	2.060223e-194	0	0	0	2.371680e-77	

Column 18:  DwsAcc_5nt
    Bin      :	0	0.05	0.1	0.15	0.2	0.25	0.3	0.35	0.4	0.45	0.5	0.55	0.6	0.65	0.7	0.75	0.8	0.85	0.9	0.95	1	
    odd-ratio:	0.6771398	0.8209283	0.7927389	0.6509401	0.694143	1.007344	1.004656	0.9521778	1.002174	1.055005	1.183487	1.192226	1.314505	1.345282	1.466915	1.58671	1.596074	1.182691	1.201921	1.313319	
    pvalue   :	1	0.999996	0.9999999	1	1	0.3969181	0.4338388	0.947213	0.4624559	0.05428838	5.773135e-07	9.147387e-08	6.736726e-15	7.731059e-13	4.967921e-19	6.521751e-28	1.724217e-21	0.006243574	0.004947245	1.638546e-05	

Column 19:  DwAU_5nt
    Bin      :	0	0.05	0.1	0.15	0.2	0.25	0.3	0.35	0.4	0.45	0.5	0.55	0.6	0.65	0.7	0.75	0.8	0.85	0.9	0.95	1	
    odd-ratio:	0.2782497	NA	NA	0.4180692	NA	NA	NA	0.7434224	NA	NA	NA	1.464089	NA	NA	NA	2.138434	NA	NA	NA	2.62829	
    pvalue   :	1	0	0	1	0	0	0	1	0	0	0	8.413599e-108	0	0	0	1.564897e-268	0	0	0	2.695066e-105	

Column 20:  UpsAcc_10nt
    Bin      :	0	0.05	0.1	0.15	0.2	0.25	0.3	0.35	0.4	0.45	0.5	0.55	0.6	0.65	0.7	0.75	0.8	0.85	0.9	0.95	1	
    odd-ratio:	0.8780517	0.6551004	0.8897718	0.7914501	0.8082171	0.750556	0.890913	0.9274899	0.9530935	1.017989	1.200414	1.227286	1.279302	1.570362	1.613715	1.298829	1.384970	1.971427	1.734576	1.251068	
    pvalue   :	0.9504895	1	0.9983522	1	1	1	0.999996	0.9975828	0.9660758	0.2568497	8.609142e-11	1.398798e-10	5.230683e-12	6.850235e-29	5.509683e-23	1.920873e-05	1.694112e-05	6.687761e-15	4.193304e-06	0.08466416	

Column 21:  UpAU_10nt
    Bin      :	0	0.05	0.1	0.15	0.2	0.25	0.3	0.35	0.4	0.45	0.5	0.55	0.6	0.65	0.7	0.75	0.8	0.85	0.9	0.95	1	
    odd-ratio:	0.177665	0.2550928	NA	0.3726982	NA	0.4976844	NA	0.6397526	NA	1.007613	NA	1.419369	NA	1.877643	NA	2.136262	NA	2.380665	NA	2.079909	
    pvalue   :	1	1	0	1	0.3688953	1	0.2499952	1	0.4374957	0.3457968	0	1.037837e-69	0.2055777	6.179763e-173	0.4986397	6.669019e-132	0.02835749	5.64074e-55	0	1.134467e-07	

Column 22:  DwsAcc_10nt
    Bin      :	0	0.05	0.1	0.15	0.2	0.25	0.3	0.35	0.4	0.45	0.5	0.55	0.6	0.65	0.7	0.75	0.8	0.85	0.9	0.95	1	
    odd-ratio:	0.5610533	0.6047036	0.6596154	0.640332	0.742942	0.876834	0.9446986	1.027840	1.062654	1.140006	1.172587	1.248426	1.300564	1.340317	1.502305	1.424108	1.805145	1.439186	1.726795	0.7917416	
    pvalue   :	1	1	1	1	1	0.9999986	0.9874904	0.1395300	0.007967244	7.110078e-07	2.364553e-08	1.030930e-11	1.135465e-12	1.955345e-11	2.840260e-14	1.261839e-07	5.912935e-14	0.0002280299	2.522416e-05	0.8156784	

Column 23:  DwAU_10nt
    Bin      :	0	0.05	0.1	0.15	0.2	0.25	0.3	0.35	0.4	0.45	0.5	0.55	0.6	0.65	0.7	0.75	0.8	0.85	0.9	0.95	1	
    odd-ratio:	NA	0.1261520	NA	0.3105075	NA	0.4379386	NA	0.720195	NA	1.141142	NA	1.549266	NA	2.04965	NA	2.405394	NA	2.219975	NA	1.481184	
    pvalue   :	1	1	0	1	0	1	0	1	0	2.557229e-12	0	4.982757e-106	0	8.582649e-200	0	6.904061e-143	0	5.315174e-30	0	0.03452285	

Column 24:  UpsAcc_15nt
    Bin      :	0	0.05	0.1	0.15	0.2	0.25	0.3	0.35	0.4	0.45	0.5	0.55	0.6	0.65	0.7	0.75	0.8	0.85	0.9	0.95	1	
    odd-ratio:	0.5237143	0.7056448	0.6954632	0.7699586	0.7764907	0.8274286	0.8139031	0.9336445	1.072244	1.062204	1.133483	1.392211	1.381756	1.627623	1.735281	1.299064	1.741632	1.438176	2.706630	1.366287	
    pvalue   :	0.9989305	0.9998936	1	1	1	1	1	0.9979043	0.001438161	0.008702601	4.877394e-06	2.76023e-25	6.296514e-17	9.420455e-25	1.431752e-19	0.002454073	4.656336e-07	0.01418406	2.654543e-07	0.1121821	

Column 25:  UpAU_15nt
    Bin      :	0	0.05	0.1	0.15	0.2	0.25	0.3	0.35	0.4	0.45	0.5	0.55	0.6	0.65	0.7	0.75	0.8	0.85	0.9	0.95	1	
    odd-ratio:	0.08684924	0.2197166	0.1918185	0.3424623	NA	0.4175126	0.513957	0.57816	NA	0.8931365	1.190942	1.522367	NA	1.892757	1.981931	2.309535	NA	2.616114	2.170511	NA	
    pvalue   :	1	1	1	1	0.7097586	1	1	1	0.6550742	0.9999997	5.418553e-16	1.387513e-79	0.4534475	2.561867e-151	1.766856e-106	3.153228e-78	0.05591088	2.398595e-35	1.540404e-05	0.9991322	

Column 26:  DwsAcc_15nt
    Bin      :	0	0.05	0.1	0.15	0.2	0.25	0.3	0.35	0.4	0.45	0.5	0.55	0.6	0.65	0.7	0.75	0.8	0.85	0.9	0.95	1	
    odd-ratio:	0.3137856	0.4620086	0.7260797	0.6338708	0.7352851	0.7854308	0.9272587	0.8426728	1.21462	1.231513	1.234237	1.44806	1.208949	1.291904	1.373368	1.501878	1.218277	1.042161	0.7529313	0.356836	
    pvalue   :	0.9999997	1	1	1	1	1	0.9991117	1	8.016499e-18	9.037479e-18	5.119346e-14	1.037474e-29	3.918042e-06	1.216740e-06	4.282393e-06	7.742426e-06	0.06692991	0.3683836	0.7292443	0.9148206	

Column 27:  DwAU_15nt
    Bin      :	0	0.05	0.1	0.15	0.2	0.25	0.3	0.35	0.4	0.45	0.5	0.55	0.6	0.65	0.7	0.75	0.8	0.85	0.9	0.95	1	
    odd-ratio:	NA	0.08618378	0.3107388	0.2148901	NA	0.3261671	0.4171113	0.7364522	NA	0.9677193	1.330142	1.773518	NA	1.882911	2.055157	2.168131	NA	1.787186	1.871956	NA	
    pvalue   :	0.9999998	1	1	1	0	1	1	1	0	0.931339	1.687222e-41	6.386394e-148	0	4.391129e-129	1.557122e-99	1.576237e-46	0	9.229484e-08	0.007813041	0.7694299	

Column 28:  UpsAcc_20nt
    Bin      :	0	0.05	0.1	0.15	0.2	0.25	0.3	0.35	0.4	0.45	0.5	0.55	0.6	0.65	0.7	0.75	0.8	0.85	0.9	0.95	1	
    odd-ratio:	0.3241374	0.4251501	0.661225	0.6889697	0.7234511	0.8061011	0.847929	0.8807292	1.061152	1.123281	1.274322	1.372484	1.591208	1.675776	2.016525	1.676103	1.543118	1.973948	1.489958	0.1968691	
    pvalue   :	0.9811027	0.9999997	1	1	1	1	1	1	0.003683186	8.22368e-07	1.221168e-18	4.809162e-21	8.37572e-28	7.982447e-21	1.839279e-20	4.195052e-06	0.006103885	0.002654904	0.1068413	0.9602565	

Column 29:  UpAU_20nt
    Bin      :	0	0.05	0.1	0.15	0.2	0.25	0.3	0.35	0.4	0.45	0.5	0.55	0.6	0.65	0.7	0.75	0.8	0.85	0.9	0.95	1	
    odd-ratio:	0.4205556	0.146355	0.1828693	0.2820235	0.4035653	0.3939145	0.4709431	0.5869383	0.784714	1.033833	1.377979	1.625256	1.934177	1.906315	2.057122	2.546935	2.629508	2.416596	NA	NA	
    pvalue   :	0.9999665	1	1	1	1	1	1	1	1	0.0844735	3.085227e-42	2.412355e-89	1.713617e-141	1.445320e-91	3.369661e-65	1.022264e-52	1.231234e-18	3.175356e-05	0.6239821	0.9976239	

Column 30:  DwsAcc_20nt
    Bin      :	0	0.05	0.1	0.15	0.2	0.25	0.3	0.35	0.4	0.45	0.5	0.55	0.6	0.65	0.7	0.75	0.8	0.85	0.9	0.95	1	
    odd-ratio:	0.2370251	0.1727908	0.6139216	0.6469141	0.704017	0.7433534	0.8615093	0.9646884	1.102333	1.258983	1.353062	1.347686	1.38887	1.300849	1.154194	1.485657	0.9068838	1.586855	NA	NA	
    pvalue   :	0.9894998	1	1	1	1	1	1	0.9464814	4.704931e-06	1.954037e-22	1.374625e-27	7.139627e-18	3.228498e-13	2.032203e-05	0.05836195	0.001315267	0.6033018	0.03436393	0.9725756	0.8908724	

Column 31:  DwAU_20nt
    Bin      :	0	0.05	0.1	0.15	0.2	0.25	0.3	0.35	0.4	0.45	0.5	0.55	0.6	0.65	0.7	0.75	0.8	0.85	0.9	0.95	1	
    odd-ratio:	0.2272184	0.2086061	0.1746407	0.210393	0.3271787	0.3335043	0.4451724	0.7340695	0.916679	1.093003	1.495295	1.653326	2.054703	1.80399	2.464348	1.577720	1.121510	1.885138	1.835733	NA	
    pvalue   :	0.9999996	1	1	1	1	1	1	1	0.9998134	9.606358e-05	1.369733e-67	4.131295e-91	1.310493e-157	6.712286e-63	1.180889e-84	1.468848e-08	0.2228461	0.01812923	0.08637763	0.1823921	

Column 32:  UpsAcc_25nt
    Bin      :	0	0.05	0.1	0.15	0.2	0.25	0.3	0.35	0.4	0.45	0.5	0.55	0.6	0.65	0.7	0.75	0.8	0.85	0.9	0.95	1	
    odd-ratio:	NA	0.3591340	0.5923087	0.6706529	0.6829381	0.7858858	0.875116	0.8267429	1.042503	1.269363	1.248420	1.640729	1.602349	1.444122	1.755862	1.485058	1.543347	1.588660	4.47054	NA	
    pvalue   :	0.9386202	0.9998868	0.9999999	1	1	1	1	1	0.02599039	4.147066e-25	2.873872e-15	6.558609e-48	1.718014e-23	5.680645e-08	9.748266e-09	0.006201309	0.02869983	0.08200281	0.0006432481	0.9858513	

Column 33:  UpAU_25nt
    Bin      :	0	0.05	0.1	0.15	0.2	0.25	0.3	0.35	0.4	0.45	0.5	0.55	0.6	0.65	0.7	0.75	0.8	0.85	0.9	0.95	1	
    odd-ratio:	0.3612334	0.1090701	0.2569445	0.2692633	0.3334731	0.4007622	0.3882994	0.5067942	0.7590522	0.9402886	1.150043	1.636834	1.972042	1.876756	1.917253	2.573538	3.159179	1.598146	NA	NA	
    pvalue   :	0.9932854	1	1	1	1	1	1	1	1	0.9879842	4.336140e-08	1.443958e-141	1.637208e-134	3.287357e-82	3.683767e-54	1.229709e-91	4.319847e-17	0.06365499	0.5266724	0.9976239	

Column 34:  DwsAcc_25nt
    Bin      :	0	0.05	0.1	0.15	0.2	0.25	0.3	0.35	0.4	0.45	0.5	0.55	0.6	0.65	0.7	0.75	0.8	0.85	0.9	0.95	1	
    odd-ratio:	NA	0.4110587	0.6592006	0.7897473	0.6067557	0.7599776	0.7500868	1.002238	1.158739	1.328504	1.231002	1.316993	1.502044	1.076461	1.652634	1.423349	1.286304	NA	NA	NA	
    pvalue   :	0.9692303	0.999429	0.9999825	0.9999967	1	1	1	0.4526426	1.353028e-12	4.300659e-35	3.021223e-13	7.999682e-14	7.765012e-16	0.1721357	1.388917e-06	0.02099452	0.1408639	0.9775786	0.7694299	0.7012872	

Column 35:  DwAU_25nt
    Bin      :	0	0.05	0.1	0.15	0.2	0.25	0.3	0.35	0.4	0.45	0.5	0.55	0.6	0.65	0.7	0.75	0.8	0.85	0.9	0.95	1	
    odd-ratio:	NA	NA	0.1958565	0.1650483	0.1997648	0.3753120	0.4261273	0.5167348	0.8854143	1.017332	1.234632	1.793827	1.826619	1.926915	2.269585	1.970329	1.348623	2.938388	NA	NA	
    pvalue   :	0.9999612	1	1	1	1	1	1	1	0.9999967	0.2511908	5.391436e-17	3.995905e-200	6.103614e-93	3.228116e-77	1.579493e-77	7.70282e-33	0.06464233	0.000427993	0.5400954	0.6346456	

Column 36:  UpsAcc_30nt
    Bin      :	0	0.05	0.1	0.15	0.2	0.25	0.3	0.35	0.4	0.45	0.5	0.55	0.6	0.65	0.7	0.75	0.8	0.85	0.9	0.95	1	
    odd-ratio:	NA	0.1836183	0.4511643	0.5183509	0.6892655	0.7871827	0.7736083	0.9239716	1.102298	1.174553	1.450938	1.579768	1.451372	1.487397	1.646275	1.598617	1.904187	3.485422	NA	NA	
    pvalue   :	0.4986397	0.9985235	1	1	1	1	1	0.9999311	1.264250e-06	3.279313e-12	4.560555e-41	2.519176e-35	3.064761e-12	5.314249e-07	3.573245e-05	0.007384309	0.01695797	0.002433315	0.4689469	0.9826941	

Column 37:  UpAU_30nt
    Bin      :	0	0.05	0.1	0.15	0.2	0.25	0.3	0.35	0.4	0.45	0.5	0.55	0.6	0.65	0.7	0.75	0.8	0.85	0.9	0.95	1	
    odd-ratio:	0.892259	0.1250568	0.3161798	0.2871682	0.3507289	0.3591496	0.4245128	0.5178848	0.6986355	0.9081444	1.335570	1.709729	1.929017	2.045987	2.037970	2.508015	2.605986	1.288213	NA	NA	
    pvalue   :	0.487283	1	1	1	1	1	1	1	1	0.9999949	1.475234e-26	4.571294e-152	4.390672e-113	8.239008e-157	1.134515e-39	3.593417e-48	3.053857e-07	0.1990392	0	0.9976239	

Column 38:  DwsAcc_30nt
    Bin      :	0	0.05	0.1	0.15	0.2	0.25	0.3	0.35	0.4	0.45	0.5	0.55	0.6	0.65	0.7	0.75	0.8	0.85	0.9	0.95	1	
    odd-ratio:	NA	0.08412901	0.469499	0.7763903	0.6860438	0.6091688	0.8216413	1.038341	1.126194	1.303458	1.183497	1.462642	1.501814	1.229338	1.268876	1.857210	NA	NA	NA	NA	
    pvalue   :	0.6835955	0.9998972	1	0.9999843	1	1	1	0.03033451	4.158161e-09	3.266496e-31	8.081158e-09	2.537336e-23	5.323204e-13	0.01138359	0.04834296	0.001116591	0.9858513	0.858619	0.4986397	0.6835955	

Column 39:  DwAU_30nt
    Bin      :	0	0.05	0.1	0.15	0.2	0.25	0.3	0.35	0.4	0.45	0.5	0.55	0.6	0.65	0.7	0.75	0.8	0.85	0.9	0.95	1	
    odd-ratio:	NA	NA	0.1179613	0.1451877	0.2695388	0.3089116	0.4601746	0.5295303	0.6801925	1.127882	1.273896	1.808241	1.834858	1.982231	2.587950	2.238987	2.010899	NA	NA	NA	
    pvalue   :	0.9905429	1	1	1	1	1	1	1	1	2.142413e-09	3.7235e-19	9.348802e-185	9.582467e-86	4.844147e-125	1.007402e-65	1.923142e-28	0.001767973	0.983185	0.4374957	0.5900875	

Column 43:  SiteBegin
    Bin      :	0	0.05	0.1	0.15	0.2	0.25	0.3	0.35	0.4	0.45	0.5	0.55	0.6	0.65	0.7	0.75	0.8	0.85	0.9	0.95	1	
    odd-ratio:	0.71658	0.9184005	1.142551	1.001000	1.095463	0.89574	1.023299	0.8278269	1.174173	0.9043408	0.9998217	0.9915842	0.9646534	0.9490432	0.8355652	0.9778384	1.056113	1.160899	1.148747	1.350627	
    pvalue   :	1	0.9878269	8.839023e-05	0.4797552	0.005414664	0.9976265	0.2587563	0.9999987	2.488917e-06	0.995494	0.4924674	0.5804866	0.8266359	0.9158358	0.9999982	0.7196379	0.06498807	1.55136e-05	5.790208e-05	3.124264e-17	

Column 40:  Gtotal
    Bin      :	-1000	-22	-21	-20	-19	-18	-17	-16	-15	-14	-13	-12	-11	-10	-9	-8	-7	-6	-5	-4	-3	-2	-1	0	1000	
    odd-ratio:	5.071767	3.102605	3.035648	3.257020	3.129218	2.719036	2.6857	2.771841	2.099349	2.417813	2.232858	1.962898	1.83628	1.616455	1.656877	1.433253	1.595527	1.249249	1.282047	1.103545	1.008128	0.878467	0.869041	0.414776	
    pvalue   :	1.182422e-15	1.059264e-05	3.142827e-08	1.840617e-13	1.179638e-17	2.52303e-19	6.373671e-27	1.493908e-40	2.308175e-26	3.883011e-53	4.82977e-56	2.823386e-46	2.430881e-44	1.918843e-31	6.567558e-40	7.592677e-22	4.096722e-41	2.937351e-10	7.704315e-13	0.003116708	0.4048319	0.9995374	0.9997817	1	

Column 41:  Gnucl
    Bin      :	-1000	-10	-9.5	-9	-8.5	-8	-7.5	-7	-6.5	-6	-5.5	-5	-4.5	-4	-3.5	-3	-2.5	-2	-1.5	-1	-0.5	0	1000	
    odd-ratio:	NA	0.8674277	NA	0.7118347	0.9279256	0.9513893	1.462601	1.293493	1.443180	1.531891	1.375587	1.319227	1.217501	1.265313	1.239503	1.189139	1.074146	1.021535	1.014000	0.8982615	0.6691359	NA	
    pvalue   :	0.05591088	0.4042839	0.8413753	0.784541	0.5350015	0.6905654	1.615576e-12	8.647162e-07	1.477183e-14	5.931475e-22	1.973557e-14	1.101935e-11	8.094894e-07	5.571899e-10	4.31682e-09	6.870822e-07	0.02106007	0.2518788	0.3103657	0.9999859	1	0	

Column 3:  Ghybrid
    Bin      :	-1000	-25	-24	-23	-22	-21	-20	-19	-18	-17	-16	-15	1000	
    odd-ratio:	0.8027371	0.849629	0.8540611	0.8591726	0.8730193	0.9741638	1.007269	1.025906	1.181390	1.159270	1.31645	1.490340	
    pvalue   :	1	0.9999942	0.9999994	0.9999999	0.9999996	0.839327	0.383756	0.1659963	1.855977e-09	2.24752e-06	4.118807e-14	1.644724e-40	

