Size of positive set is 138308; size of negative set is 104557387

Column 39:  site_conser
    Bin      :	0	0.1	0.2	0.3	0.4	0.5	0.6	0.7	0.8	0.9	1	
    odd-ratio:	0.5572913	0.4694214	0.443935	0.4379836	0.5140184	0.5149163	0.5225187	0.5333276	0.6704195	2.234220	

Column 8:  region12_17
    Bin      :	0	1	
    odd-ratio:	0.8685795	1.151305	
    pvalue   :	1	4.004156e-85	

Column 9:  SiteAcc
    Bin      :	0	0.05	0.1	0.15	0.2	0.25	0.3	0.35	0.4	0.45	0.5	0.55	0.6	0.65	0.7	0.75	0.8	0.85	0.9	0.95	1	
    odd-ratio:	1.477591	1.058958	1.036234	0.9546257	0.833344	0.7946538	0.7924946	0.9130425	1.080042	1.172158	1.316811	1.502625	1.65961	2.048049	2.209667	2.720678	2.647380	3.244053	2.833599	2.958861	
    pvalue   :	5.665561e-20	0.03002639	0.0255192	0.9998615	1	1	1	1	9.380582e-25	6.556638e-75	1.436394e-146	2.094883e-189	1.992701e-157	2.432540e-171	3.978749e-103	2.167260e-86	1.373932e-38	3.493887e-32	3.349803e-12	5.257955e-09	

Column 11:  UpsAcc_5nt
    Bin      :	0	0.05	0.1	0.15	0.2	0.25	0.3	0.35	0.4	0.45	0.5	0.55	0.6	0.65	0.7	0.75	0.8	0.85	0.9	0.95	1	
    odd-ratio:	0.6713137	0.7821224	0.7680206	0.6908935	0.7826674	0.8440374	0.8602038	0.863005	0.9622261	1.124024	1.190357	1.206537	1.217394	1.369354	1.292179	1.343064	1.378353	1.915528	1.80756	1.583805	
    pvalue   :	1	1	1	1	1	1	1	1	0.9999693	4.054725e-27	7.632519e-53	7.0058e-65	1.976902e-63	3.295884e-123	2.54675e-70	9.107264e-98	2.868132e-90	2.145601e-294	4.194556e-203	1.827006e-123	

Column 12:  UpAU_5nt
    Bin      :	0	0.05	0.1	0.15	0.2	0.25	0.3	0.35	0.4	0.45	0.5	0.55	0.6	0.65	0.7	0.75	0.8	0.85	0.9	0.95	1	
    odd-ratio:	0.2606060	NA	NA	0.4412174	NA	NA	NA	0.7101117	NA	NA	NA	1.270161	NA	NA	NA	1.994474	NA	NA	NA	2.644326	
    pvalue   :	1	0	0	1	0.1050983	0	0.1567804	1	0	0.9081327	0	0	0	0.974279	0.8061196	0	0	0	0	0	

Column 13:  DwsAcc_5nt
    Bin      :	0	0.05	0.1	0.15	0.2	0.25	0.3	0.35	0.4	0.45	0.5	0.55	0.6	0.65	0.7	0.75	0.8	0.85	0.9	0.95	1	
    odd-ratio:	0.8959003	0.9412387	0.8871015	0.8780114	0.8703157	0.9679645	0.9407306	0.9620051	1.036042	1.119626	1.086043	1.062593	1.119613	1.104629	1.139418	1.145091	1.239829	1.190540	1.137560	1.071435	
    pvalue   :	1	0.999987	1	1	1	0.9992837	1	0.9999528	8.062627e-05	5.806213e-25	1.716341e-12	9.39954e-08	2.729405e-20	7.34569e-12	4.800252e-17	9.2603e-19	1.103980e-34	2.524484e-15	7.670774e-08	0.001979689	

Column 14:  DwAU_5nt
    Bin      :	0	0.05	0.1	0.15	0.2	0.25	0.3	0.35	0.4	0.45	0.5	0.55	0.6	0.65	0.7	0.75	0.8	0.85	0.9	0.95	1	
    odd-ratio:	0.4595771	NA	NA	0.7169828	NA	NA	NA	0.9820926	NA	NA	NA	1.212685	NA	NA	NA	1.261461	NA	NA	NA	1.364076	
    pvalue   :	1	0	0	1	0	0	0	0.9993781	0	0	0	1.231659e-242	0	0	0	1.116735e-169	0	0	0	1.193427e-53	

Column 15:  UpsAcc_10nt
    Bin      :	0	0.05	0.1	0.15	0.2	0.25	0.3	0.35	0.4	0.45	0.5	0.55	0.6	0.65	0.7	0.75	0.8	0.85	0.9	0.95	1	
    odd-ratio:	0.4966442	0.4352818	0.6493508	0.6454852	0.672136	0.6926528	0.8321748	0.8537101	1.000989	1.026165	1.275645	1.337137	1.527027	1.642673	1.707731	1.906300	1.999456	2.885293	3.372367	2.963764	
    pvalue   :	1	1	1	1	1	1	1	1	0.4517531	0.002531060	9.415513e-151	1.10554e-168	7.709191e-296	8.993819e-300	2.25831e-237	3.340175e-255	1.484111e-180	0	1.519371e-284	9.80274e-131	

Column 16:  UpAU_10nt
    Bin      :	0	0.05	0.1	0.15	0.2	0.25	0.3	0.35	0.4	0.45	0.5	0.55	0.6	0.65	0.7	0.75	0.8	0.85	0.9	0.95	1	
    odd-ratio:	0.002853331	0.1201461	NA	0.2445257	NA	0.3633314	NA	0.5812769	NA	0.968597	NA	1.526417	NA	2.215593	NA	2.861628	NA	3.845606	NA	1.954915	
    pvalue   :	1	1	0.1249849	1	0.6753343	1	0.8961148	1	0.9467828	0.9999998	0	0	0.6608577	0	0.9238558	0	0.2383864	0	0	9.745027e-19	

Column 17:  DwsAcc_10nt
    Bin      :	0	0.05	0.1	0.15	0.2	0.25	0.3	0.35	0.4	0.45	0.5	0.55	0.6	0.65	0.7	0.75	0.8	0.85	0.9	0.95	1	
    odd-ratio:	0.8925243	0.8023003	0.7959806	0.808937	0.7775907	0.9021107	0.950148	1.009368	1.102455	1.044652	1.133663	1.194219	1.222434	1.246455	1.204238	1.145238	1.166612	1.225266	1.109877	1.305950	
    pvalue   :	0.9999942	1	1	1	1	1	1	0.1361433	4.542214e-32	1.139071e-06	6.29722e-38	1.186618e-57	7.018068e-56	3.702968e-47	5.139132e-22	8.724973e-09	6.061354e-07	1.149991e-07	0.02993307	5.517887e-05	

Column 18:  DwAU_10nt
    Bin      :	0	0.05	0.1	0.15	0.2	0.25	0.3	0.35	0.4	0.45	0.5	0.55	0.6	0.65	0.7	0.75	0.8	0.85	0.9	0.95	1	
    odd-ratio:	0.02966309	0.2906121	NA	0.5177142	NA	0.672419	NA	0.934159	NA	1.209201	NA	1.310813	NA	1.282172	NA	1.335663	NA	1.485703	NA	0.7354116	
    pvalue   :	1	1	0	1	0	1	0	1	0	2.805370e-213	0	0	0	4.503524e-150	0	2.84981e-72	0	2.997736e-31	0	0.9843099	

Column 19:  UpsAcc_15nt
    Bin      :	0	0.05	0.1	0.15	0.2	0.25	0.3	0.35	0.4	0.45	0.5	0.55	0.6	0.65	0.7	0.75	0.8	0.85	0.9	0.95	1	
    odd-ratio:	0.3675124	0.3978244	0.4410718	0.5629677	0.603707	0.622364	0.7336229	0.8668395	1.013131	1.164216	1.299615	1.665960	1.720216	1.835031	2.416059	2.545673	3.093385	4.245466	6.014014	2.035167	
    pvalue   :	1	1	1	1	1	1	1	1	0.04907945	1.315728e-76	4.925284e-183	0	0	0	0	7.38039e-298	6.022072e-257	2.394793e-278	5.972535e-269	5.369675e-11	

Column 20:  UpAU_15nt
    Bin      :	0	0.05	0.1	0.15	0.2	0.25	0.3	0.35	0.4	0.45	0.5	0.55	0.6	0.65	0.7	0.75	0.8	0.85	0.9	0.95	1	
    odd-ratio:	NA	NA	0.06139486	0.1195216	NA	0.2281034	0.322423	0.5000184	NA	0.8099528	1.168441	1.827507	NA	2.388412	3.113285	3.512118	NA	3.711647	3.040678	NA	
    pvalue   :	1	1	1	1	0.896526	1	1	1	0.9959212	1	9.782898e-113	0	0.890763	0	0	0	0.2927307	0	1.606382e-37	0.9999998	

Column 21:  DwsAcc_15nt
    Bin      :	0	0.05	0.1	0.15	0.2	0.25	0.3	0.35	0.4	0.45	0.5	0.55	0.6	0.65	0.7	0.75	0.8	0.85	0.9	0.95	1	
    odd-ratio:	0.7344821	0.8164225	0.7339617	0.7542297	0.7519442	0.8392671	0.9009267	0.9742976	1.085311	1.132413	1.240302	1.161196	1.216661	1.423739	1.579232	1.280931	1.190172	1.397142	2.242623	1.221595	
    pvalue   :	0.999998	1	1	1	1	1	1	0.9995817	3.066857e-26	1.745786e-50	6.918064e-117	2.815923e-38	1.264485e-42	7.162588e-87	5.577351e-84	9.001709e-13	0.0002814494	4.412811e-07	8.607528e-22	0.09115016	

Column 22:  DwAU_15nt
    Bin      :	0	0.05	0.1	0.15	0.2	0.25	0.3	0.35	0.4	0.45	0.5	0.55	0.6	0.65	0.7	0.75	0.8	0.85	0.9	0.95	1	
    odd-ratio:	NA	0.04400506	0.1140396	0.3937498	NA	0.5133245	0.7102311	0.8531924	NA	1.055905	1.315555	1.465432	NA	1.380425	1.315407	1.255692	NA	1.414058	2.073371	NA	
    pvalue   :	1	1	1	1	0	1	1	1	0	1.860733e-16	0	0	0	3.403016e-205	5.755729e-66	1.953505e-16	0	1.007843e-10	7.787993e-10	0.96037	

Column 23:  UpsAcc_20nt
    Bin      :	0	0.05	0.1	0.15	0.2	0.25	0.3	0.35	0.4	0.45	0.5	0.55	0.6	0.65	0.7	0.75	0.8	0.85	0.9	0.95	1	
    odd-ratio:	NA	0.2630677	0.4068921	0.4654683	0.5231293	0.5946033	0.7600568	0.8340497	1.027905	1.140791	1.521483	1.750960	2.010668	2.160302	2.635813	3.861051	3.850686	5.550624	5.410464	NA	
    pvalue   :	1	1	1	1	1	1	1	1	0.0001085837	7.646543e-61	0	0	0	0	0	0	8.155433e-189	8.485134e-170	2.170242e-66	0.9999998	

Column 24:  UpAU_20nt
    Bin      :	0	0.05	0.1	0.15	0.2	0.25	0.3	0.35	0.4	0.45	0.5	0.55	0.6	0.65	0.7	0.75	0.8	0.85	0.9	0.95	1	
    odd-ratio:	NA	0.04302547	0.01193411	0.08710128	0.1537772	0.1943231	0.3618136	0.5048504	0.6557107	1.042656	1.406680	1.955547	2.591319	2.926695	3.200393	3.569454	3.973482	4.289075	1.40817	NA	
    pvalue   :	1	1	1	1	1	1	1	1	1	7.602827e-09	0	0	0	0	0	0	1.293262e-185	1.660991e-44	0.1305016	0.9999757	

Column 25:  DwsAcc_20nt
    Bin      :	0	0.05	0.1	0.15	0.2	0.25	0.3	0.35	0.4	0.45	0.5	0.55	0.6	0.65	0.7	0.75	0.8	0.85	0.9	0.95	1	
    odd-ratio:	0.1635096	0.6982073	0.6683166	0.7346252	0.7056249	0.8078347	0.8696287	0.9821613	1.066954	1.157548	1.168208	1.387284	1.593376	1.563796	1.144761	1.36208	1.046015	0.5720549	0.9376344	NA	
    pvalue   :	1	1	1	1	1	1	1	0.99342	8.26752e-19	8.425407e-74	5.041524e-59	4.090575e-174	8.669441e-211	4.027566e-98	3.858247e-05	7.57408e-11	0.2711702	0.9997553	0.5573337	0.999526	

Column 26:  DwAU_20nt
    Bin      :	0	0.05	0.1	0.15	0.2	0.25	0.3	0.35	0.4	0.45	0.5	0.55	0.6	0.65	0.7	0.75	0.8	0.85	0.9	0.95	1	
    odd-ratio:	NA	0.002552517	0.1582746	0.2639508	0.4386993	0.5575441	0.6241404	0.8343264	1.004626	1.171855	1.486647	1.481811	1.476993	1.222556	1.196944	1.644074	1.907501	1.771168	NA	NA	
    pvalue   :	1	1	1	1	1	1	1	1	0.2601881	9.549182e-107	0	0	1.488723e-256	2.474174e-33	1.550261e-12	2.171922e-37	2.771160e-19	0.0002742347	0.955422	0.3264917	

Column 27:  UpsAcc_25nt
    Bin      :	0	0.05	0.1	0.15	0.2	0.25	0.3	0.35	0.4	0.45	0.5	0.55	0.6	0.65	0.7	0.75	0.8	0.85	0.9	0.95	1	
    odd-ratio:	NA	0.0741697	0.2542853	0.4592661	0.4906383	0.5828973	0.7680966	0.848018	0.9841877	1.253092	1.568912	1.867896	2.153421	2.676673	2.422557	4.393278	4.523472	6.416516	1.434091	NA	
    pvalue   :	1	1	1	1	1	1	1	1	0.9861044	1.900193e-188	0	0	0	0	2.106950e-176	3.415142e-301	7.629765e-121	5.807808e-90	0.0536622	0.999637	

Column 28:  UpAU_25nt
    Bin      :	0	0.05	0.1	0.15	0.2	0.25	0.3	0.35	0.4	0.45	0.5	0.55	0.6	0.65	0.7	0.75	0.8	0.85	0.9	0.95	1	
    odd-ratio:	NA	0.02158588	0.04284021	0.0759262	0.1299899	0.1623552	0.2555766	0.4023298	0.6795012	0.9161269	1.160463	1.927980	2.510938	2.880495	3.205979	3.433416	4.866240	2.907642	4.046518	NA	
    pvalue   :	1	1	1	1	1	1	1	1	1	1	2.894724e-78	0	0	0	0	0	9.489813e-142	2.285301e-11	1.464434e-05	0.9999769	

Column 29:  DwsAcc_25nt
    Bin      :	0	0.05	0.1	0.15	0.2	0.25	0.3	0.35	0.4	0.45	0.5	0.55	0.6	0.65	0.7	0.75	0.8	0.85	0.9	0.95	1	
    odd-ratio:	NA	0.1814438	0.6127249	0.6671842	0.6626873	0.7947509	0.8323149	0.9569725	1.105924	1.128790	1.276119	1.613002	1.687554	1.345133	1.34048	0.7369597	0.5705085	0.770325	2.791895	NA	
    pvalue   :	1	1	1	1	1	1	1	1	1.231018e-46	2.946839e-52	3.644996e-143	0	4.565361e-213	3.057106e-28	8.603294e-13	0.9998759	0.9998993	0.8433563	2.055945e-05	0.9158082	

Column 30:  DwAU_25nt
    Bin      :	0	0.05	0.1	0.15	0.2	0.25	0.3	0.35	0.4	0.45	0.5	0.55	0.6	0.65	0.7	0.75	0.8	0.85	0.9	0.95	1	
    odd-ratio:	NA	NA	0.06935318	0.1284442	0.3641641	0.4642885	0.472087	0.6848224	0.9277875	1.120699	1.372884	1.606599	1.496906	1.262821	1.498411	1.501460	1.413784	NA	NA	NA	
    pvalue   :	1	1	1	1	1	1	1	1	1	3.890942e-51	0	0	1.986395e-233	5.121633e-42	1.424178e-68	1.011973e-40	0.0008822193	0.9999987	0.9386158	0.3687348	

Column 31:  UpsAcc_30nt
    Bin      :	0	0.05	0.1	0.15	0.2	0.25	0.3	0.35	0.4	0.45	0.5	0.55	0.6	0.65	0.7	0.75	0.8	0.85	0.9	0.95	1	
    odd-ratio:	NA	NA	0.1939951	0.3565149	0.5387377	0.5778453	0.7376496	0.8363292	1.038672	1.251676	1.641364	1.940805	2.443645	2.90802	2.977805	3.789889	4.722553	1.986312	NA	NA	
    pvalue   :	0.9965516	1	1	1	1	1	1	1	2.28159e-08	7.69794e-190	0	0	0	0	1.6692e-189	9.435933e-120	1.090349e-66	0.0002240140	0.9980851	0.9963787	

Column 32:  UpAU_30nt
    Bin      :	0	0.05	0.1	0.15	0.2	0.25	0.3	0.35	0.4	0.45	0.5	0.55	0.6	0.65	0.7	0.75	0.8	0.85	0.9	0.95	1	
    odd-ratio:	NA	NA	0.1299892	0.06924447	0.08084452	0.2010371	0.2518477	0.4173684	0.6753241	0.9332023	1.349668	2.019816	2.517803	2.996615	3.348798	2.99621	4.241688	2.316456	NA	NA	
    pvalue   :	1	1	1	1	1	1	1	1	1	1	1.515796e-276	0	0	0	0	4.201676e-289	4.76589e-54	4.629653e-05	0.3440649	0.9999695	

Column 33:  DwsAcc_30nt
    Bin      :	0	0.05	0.1	0.15	0.2	0.25	0.3	0.35	0.4	0.45	0.5	0.55	0.6	0.65	0.7	0.75	0.8	0.85	0.9	0.95	1	
    odd-ratio:	NA	NA	0.3557293	0.7082482	0.6332844	0.7039217	0.8229515	0.9327123	1.116947	1.210804	1.373064	1.670041	1.556509	1.612437	1.529216	0.2746437	0.4384619	2.766267	2.900283	NA	
    pvalue   :	0.9910671	1	1	1	1	1	1	1	4.190032e-59	4.608830e-134	2.670723e-237	0	9.623056e-115	2.36372e-55	2.512108e-17	1	0.9996912	3.050528e-07	0.001424406	0.5121781	

Column 34:  DwAU_30nt
    Bin      :	0	0.05	0.1	0.15	0.2	0.25	0.3	0.35	0.4	0.45	0.5	0.55	0.6	0.65	0.7	0.75	0.8	0.85	0.9	0.95	1	
    odd-ratio:	NA	NA	NA	0.09710323	0.2309205	0.3863213	0.4659105	0.6341064	0.908863	1.164606	1.456075	1.703668	1.501982	1.436452	1.741202	1.436585	NA	NA	NA	NA	
    pvalue   :	1	1	1	1	1	1	1	1	1	7.04093e-135	0	0	2.653345e-206	8.348272e-148	8.484827e-70	7.336194e-17	1	0.9999537	0.3687348	0.07258072	

Column 38:  SiteBegin
    Bin      :	0	0.05	0.1	0.15	0.2	0.25	0.3	0.35	0.4	0.45	0.5	0.55	0.6	0.65	0.7	0.75	0.8	0.85	0.9	0.95	1	
    odd-ratio:	0.7709712	0.7606914	0.6573824	0.851013	0.8581745	0.8288427	0.9046224	0.9700827	0.972718	0.8501036	1.35588	1.195785	1.007719	1.043668	1.061605	1.219251	1.154353	1.272795	1.270136	1.092502	
    pvalue   :	1	1	1	1	1	1	1	0.9924534	0.9865896	1	5.279649e-160	3.273233e-53	0.2631045	0.000211336	3.594466e-07	5.939591e-66	1.602638e-34	7.012773e-99	1.234619e-96	4.646989e-11	

Column 35:  Gtotal
    Bin      :	-1000	-22	-21	-20	-19	-18	-17	-16	-15	-14	-13	-12	-11	-10	-9	-8	-7	-6	-5	-4	-3	-2	-1	0	1000	
    odd-ratio:	1.951307	2.428531	1.826924	1.995194	2.241006	1.910550	1.872874	2.007043	1.927381	1.888081	1.787509	1.759616	1.74042	1.630366	1.540691	1.565228	1.465733	1.417581	1.339596	1.260749	1.196133	1.117015	1.041269	0.4981979	
    pvalue   :	0.003175501	7.454576e-05	0.000732166	2.733318e-07	1.961249e-16	6.854337e-17	1.62931e-26	4.958479e-56	4.768775e-77	5.806337e-109	4.058492e-130	2.840279e-172	2.641426e-223	2.015566e-216	1.469759e-203	1.053232e-263	1.993596e-213	7.91156e-195	1.532577e-144	1.679667e-93	4.934893e-57	1.786463e-22	0.0002691408	1	

Column 36:  Gnucl
    Bin      :	-1000	-10	-9.5	-9	-8.5	-8	-7.5	-7	-6.5	-6	-5.5	-5	-4.5	-4	-3.5	-3	-2.5	-2	-1.5	-1	-0.5	0	1000	
    odd-ratio:	3.223806	0.857146	0.3007561	0.9443072	0.9852035	0.9557298	1.152613	1.275142	1.350843	1.296552	1.231317	1.164796	1.204026	1.215201	1.195494	1.160710	1.166588	1.064730	1.099957	1.050406	0.7771398	NA	
    pvalue   :	0.02527156	0.705913	0.9999193	0.707608	0.5485979	0.8149098	2.271994e-05	8.480938e-18	9.499702e-40	3.569639e-36	1.758365e-31	2.913330e-19	3.849118e-31	4.722946e-38	2.608104e-35	1.414219e-27	5.993309e-34	5.4812e-08	4.362996e-21	2.497877e-09	1	0	

Column 3:  Ghybrid
    Bin      :	-1000	-25	-24	-23	-22	-21	-20	-19	-18	-17	-16	-15	1000	
    odd-ratio:	0.5377678	0.6539253	0.6928427	0.7148075	0.7590161	0.8394894	0.883628	0.9543918	1.061397	1.163844	1.250835	1.130952	
    pvalue   :	1	1	1	1	1	1	1	1	5.7341e-16	3.693126e-111	1.278083e-269	5.054577e-13	

