Size of positive set is 28294; size of negative set is 6213979

Column 44:  site_conser
    Bin      :	0	0.1	0.2	0.3	0.4	0.5	0.6	0.7	0.8	0.9	1	
    odd-ratio:	0.8530557	0.9111699	0.9116968	0.8402992	0.9073706	0.8305458	0.8783759	1.061477	1.206047	1.470009	

Column 9:  region12_17
    Bin      :	0	1	
    odd-ratio:	0.7586415	1.318146	
    pvalue   :	1	2.075806e-65	

Column 14:  SiteAcc
    Bin      :	0	0.05	0.1	0.15	0.2	0.25	0.3	0.35	0.4	0.45	0.5	0.55	0.6	0.65	0.7	0.75	0.8	0.85	0.9	0.95	1	
    odd-ratio:	1.087308	0.867171	0.9036063	0.9891473	0.8377828	0.7773913	0.8339068	0.9570263	1.014841	1.304209	1.699873	1.744500	1.992997	2.557423	2.269497	2.261405	2.291917	2.648788	1.423924	4.266579	
    pvalue   :	0.1166087	0.9970375	0.999305	0.683605	1	1	1	0.9951435	0.2154053	1.444287e-34	1.209573e-91	4.908493e-56	2.042241e-48	3.204104e-52	8.59994e-20	1.226831e-10	6.880415e-07	4.970021e-06	0.1164545	1.295740e-07	

Column 16:  UpsAcc_5nt
    Bin      :	0	0.05	0.1	0.15	0.2	0.25	0.3	0.35	0.4	0.45	0.5	0.55	0.6	0.65	0.7	0.75	0.8	0.85	0.9	0.95	1	
    odd-ratio:	0.8755977	0.8004623	0.9498906	1.022187	0.925938	1.045589	0.9259843	0.9483822	1.008375	1.001914	1.104056	0.925721	1.151624	1.205717	1.113228	1.193327	1.330386	1.111267	1.287647	1.186344	
    pvalue   :	1	1	0.9556321	0.1710184	0.9999857	0.02118804	0.999227	0.9909103	0.3467572	0.4648527	0.0002008176	0.995925	7.951271e-07	3.106839e-08	0.002199673	5.328683e-07	4.870274e-13	0.01823973	2.105848e-07	3.589935e-05	

Column 17:  UpAU_5nt
    Bin      :	0	0.05	0.1	0.15	0.2	0.25	0.3	0.35	0.4	0.45	0.5	0.55	0.6	0.65	0.7	0.75	0.8	0.85	0.9	0.95	1	
    odd-ratio:	0.5133103	NA	NA	0.7092629	0.774331	NA	1.704791	1.072776	NA	0.7505027	NA	1.448698	NA	0.876844	1.448770	1.742552	NA	NA	NA	1.786801	
    pvalue   :	1	0	0	1	0.9718189	0	7.096903e-11	3.359497e-08	0	0.9997744	0	7.438308e-141	0	0.809491	0.007309214	7.212883e-158	0	0	0	1.750847e-70	

Column 18:  DwsAcc_5nt
    Bin      :	0	0.05	0.1	0.15	0.2	0.25	0.3	0.35	0.4	0.45	0.5	0.55	0.6	0.65	0.7	0.75	0.8	0.85	0.9	0.95	1	
    odd-ratio:	0.92288	0.8423407	0.876585	0.917046	1.003534	0.9077914	0.8858361	0.85181	1.034062	0.9292116	1.136017	1.073454	1.159322	1.333344	1.111933	1.265531	1.504285	1.600957	1.455846	1.359695	
    pvalue   :	0.9999607	1	0.9999928	0.9998625	0.4156923	0.9999896	0.9999997	1	0.05789893	0.9958538	2.841117e-06	0.005089029	3.472548e-07	8.779643e-17	0.003691777	1.040239e-10	7.984369e-23	1.246222e-19	1.091807e-10	1.574747e-08	

Column 19:  DwAU_5nt
    Bin      :	0	0.05	0.1	0.15	0.2	0.25	0.3	0.35	0.4	0.45	0.5	0.55	0.6	0.65	0.7	0.75	0.8	0.85	0.9	0.95	1	
    odd-ratio:	0.4178559	NA	NA	0.6453496	NA	NA	NA	1.062632	NA	NA	NA	1.619369	NA	NA	NA	2.047142	NA	NA	NA	2.548802	
    pvalue   :	1	0	0	1	0	0	0	1.018243e-06	0	0	0	2.567147e-245	0	0	0	3.908522e-263	0	0	0	1.533265e-118	

Column 20:  UpsAcc_10nt
    Bin      :	0	0.05	0.1	0.15	0.2	0.25	0.3	0.35	0.4	0.45	0.5	0.55	0.6	0.65	0.7	0.75	0.8	0.85	0.9	0.95	1	
    odd-ratio:	0.8190089	0.7253349	0.8880987	0.9150809	0.9626462	0.8477462	0.8550768	1.005414	1.044352	1.127406	1.268413	1.106097	1.208159	1.535381	1.240188	1.170929	1.113042	1.197981	0.7899026	1.114058	
    pvalue   :	0.999999	1	0.9999992	0.9998792	0.9772893	1	1	0.3873475	0.01478115	2.796728e-08	2.147871e-24	0.0001852662	1.457102e-09	2.913338e-34	1.373712e-06	0.001973507	0.05111143	0.005464904	0.9960086	0.03811346	

Column 21:  UpAU_10nt
    Bin      :	0	0.05	0.1	0.15	0.2	0.25	0.3	0.35	0.4	0.45	0.5	0.55	0.6	0.65	0.7	0.75	0.8	0.85	0.9	0.95	1	
    odd-ratio:	0.4664482	0.5201723	0.4998945	0.674043	0.630862	0.8366713	1.233079	1.047267	0.9379385	1.306655	NA	1.617646	1.283788	1.878882	1.396942	2.032373	NA	2.784227	NA	0.9402174	
    pvalue   :	1	1	0.9999978	1	0.9999972	1	0.0009749428	0.001408512	0.6761451	3.095308e-60	0	9.366023e-139	0.1100947	1.510268e-152	0.003589058	2.438231e-92	0.9996955	1.269481e-82	0	0.840178	

Column 22:  DwsAcc_10nt
    Bin      :	0	0.05	0.1	0.15	0.2	0.25	0.3	0.35	0.4	0.45	0.5	0.55	0.6	0.65	0.7	0.75	0.8	0.85	0.9	0.95	1	
    odd-ratio:	0.6772097	0.9327358	1.000273	0.7719734	0.8750701	0.8939477	0.9396618	0.8995312	1.030150	1.013226	1.196664	1.283546	1.423531	1.464723	1.487776	1.524917	1.45796	2.127266	2.470287	1.565169	
    pvalue   :	1	0.9452797	0.4893527	1	1	1	0.9996572	1	0.06433097	0.2745455	2.126730e-14	4.105208e-20	1.143158e-29	9.816394e-24	2.145430e-16	6.343639e-13	1.939906e-06	2.808326e-17	1.762746e-15	0.002283573	

Column 23:  DwAU_10nt
    Bin      :	0	0.05	0.1	0.15	0.2	0.25	0.3	0.35	0.4	0.45	0.5	0.55	0.6	0.65	0.7	0.75	0.8	0.85	0.9	0.95	1	
    odd-ratio:	0.2045565	0.3851136	NA	0.6295149	NA	0.7637927	NA	1.031630	NA	1.482455	NA	1.971151	NA	1.98385	NA	2.347325	NA	2.571491	NA	2.742456	
    pvalue   :	1	1	0	1	0	1	0	0.01883436	0	5.610594e-136	0	1.059840e-300	0	1.007785e-166	0	3.894367e-125	0	3.67661e-51	0	5.161182e-16	

Column 24:  UpsAcc_15nt
    Bin      :	0	0.05	0.1	0.15	0.2	0.25	0.3	0.35	0.4	0.45	0.5	0.55	0.6	0.65	0.7	0.75	0.8	0.85	0.9	0.95	1	
    odd-ratio:	0.8964775	0.7542823	1.015295	0.8543897	0.8431127	0.8059834	0.8821476	1.017630	1.149492	1.151445	1.325919	1.459358	1.188628	1.272925	1.025789	1.103397	0.9512129	1.139393	0.5127646	0.8928634	
    pvalue   :	0.9598133	1	0.2978775	1	1	1	1	0.1628661	3.50935e-14	6.293694e-12	1.049179e-33	1.507282e-41	1.761581e-06	6.601285e-08	0.323516	0.08383484	0.6931661	0.0648813	1	0.9407347	

Column 25:  UpAU_15nt
    Bin      :	0	0.05	0.1	0.15	0.2	0.25	0.3	0.35	0.4	0.45	0.5	0.55	0.6	0.65	0.7	0.75	0.8	0.85	0.9	0.95	1	
    odd-ratio:	0.5216182	0.3415774	0.5182715	0.578321	0.7492563	0.8812389	0.9295274	1.107510	1.256227	1.195148	1.47569	1.546940	0.9500623	1.795084	2.210349	2.593881	0.09166802	2.869203	1.857707	0.603631	
    pvalue   :	1	1	1	1	0.9998587	1	0.9999883	2.006134e-09	0.003745742	9.782169e-23	3.571276e-78	4.479572e-75	0.5719497	6.205424e-97	7.813492e-118	6.43201e-95	0.9997772	8.21464e-51	9.183062e-07	1	

Column 26:  DwsAcc_15nt
    Bin      :	0	0.05	0.1	0.15	0.2	0.25	0.3	0.35	0.4	0.45	0.5	0.55	0.6	0.65	0.7	0.75	0.8	0.85	0.9	0.95	1	
    odd-ratio:	0.5904921	1.019054	0.8861459	0.8204414	0.872393	0.8442033	0.8747794	0.9258306	1.078544	1.069589	1.495433	1.342203	1.507288	1.305222	1.532773	2.430799	2.359257	1.798742	1.594024	0.1269916	
    pvalue   :	0.9999995	0.3276584	0.9999404	1	1	1	1	0.9999907	1.898225e-05	0.0006072865	1.115749e-70	9.614767e-24	5.045547e-29	1.150691e-07	6.691815e-11	7.823907e-29	3.550895e-14	0.0001317523	0.01466162	0.996575	

Column 27:  DwAU_15nt
    Bin      :	0	0.05	0.1	0.15	0.2	0.25	0.3	0.35	0.4	0.45	0.5	0.55	0.6	0.65	0.7	0.75	0.8	0.85	0.9	0.95	1	
    odd-ratio:	0.08305589	0.2890986	0.3964359	0.5710398	NA	0.732827	0.8250556	1.010423	NA	1.328864	1.736852	2.115880	NA	2.151340	2.398295	1.758820	NA	2.384985	2.399383	0.7074927	
    pvalue   :	1	1	1	1	0	1	1	0.2696732	0	8.874452e-58	1.931089e-181	1.804251e-257	0	4.647885e-171	1.809094e-131	8.76488e-22	0	4.225637e-24	1.336303e-09	0.7071725	

Column 28:  UpsAcc_20nt
    Bin      :	0	0.05	0.1	0.15	0.2	0.25	0.3	0.35	0.4	0.45	0.5	0.55	0.6	0.65	0.7	0.75	0.8	0.85	0.9	0.95	1	
    odd-ratio:	0.9439606	0.6301523	0.9620942	0.9861917	0.802657	0.7985268	0.9116784	1.034441	1.175383	1.216224	1.388887	1.253749	1.072228	1.179648	0.8864519	0.7679316	1.145412	0.8545138	0.4044079	0.899252	
    pvalue   :	0.779329	1	0.857283	0.709255	1	1	1	0.02131369	6.877506e-20	7.814782e-22	2.977833e-42	7.500465e-13	0.05309949	0.001192260	0.9376696	0.9965476	0.06189229	0.921158	1	0.925372	

Column 29:  UpAU_20nt
    Bin      :	0	0.05	0.1	0.15	0.2	0.25	0.3	0.35	0.4	0.45	0.5	0.55	0.6	0.65	0.7	0.75	0.8	0.85	0.9	0.95	1	
    odd-ratio:	0.4565146	0.3580727	0.4517478	0.687936	0.8172312	0.8370951	1.034318	1.103736	1.115614	1.334892	1.526954	1.621639	1.809569	1.826057	2.182054	3.068924	2.770786	2.083844	2.830662	0.5502912	
    pvalue   :	1	1	1	1	1	1	0.03365791	1.173386e-07	9.411548e-08	1.322191e-43	3.013782e-65	5.835712e-71	5.851943e-75	1.261396e-61	1.793218e-66	6.258685e-91	2.185177e-33	7.57707e-09	5.951419e-08	1	

Column 30:  DwsAcc_20nt
    Bin      :	0	0.05	0.1	0.15	0.2	0.25	0.3	0.35	0.4	0.45	0.5	0.55	0.6	0.65	0.7	0.75	0.8	0.85	0.9	0.95	1	
    odd-ratio:	0.9326945	0.905973	0.6822405	0.952851	0.7598231	0.8143747	0.8236756	1.020196	1.108276	1.359343	1.322763	1.263663	1.853739	1.516334	2.280421	2.077748	0.629674	0.4274067	0.7182653	NA	
    pvalue   :	0.6078057	0.9092153	1	0.9730877	1	1	1	0.1079941	2.245447e-09	5.416495e-56	3.669431e-30	8.837416e-13	3.03338e-52	9.95366e-12	6.85526e-26	1.401397e-10	0.9490743	0.9556385	0.6525594	0.9638865	

Column 31:  DwAU_20nt
    Bin      :	0	0.05	0.1	0.15	0.2	0.25	0.3	0.35	0.4	0.45	0.5	0.55	0.6	0.65	0.7	0.75	0.8	0.85	0.9	0.95	1	
    odd-ratio:	0.1231622	0.3536251	0.3402923	0.6206683	0.6768424	0.7620182	0.8982206	1.033148	1.155495	1.59776	1.768743	2.128985	2.227469	2.615498	2.104721	1.735927	1.668510	2.719081	0.4949618	0.4272595	
    pvalue   :	1	1	1	1	1	1	1	0.04107364	2.566639e-13	3.248107e-116	1.241535e-138	1.324362e-197	1.656518e-156	1.798060e-157	2.966006e-46	3.57902e-12	7.216066e-06	2.534787e-10	0.8535327	0.6776791	

Column 32:  UpsAcc_25nt
    Bin      :	0	0.05	0.1	0.15	0.2	0.25	0.3	0.35	0.4	0.45	0.5	0.55	0.6	0.65	0.7	0.75	0.8	0.85	0.9	0.95	1	
    odd-ratio:	0.9270655	0.6914636	0.942824	1.039158	0.8622217	0.802075	0.8932692	1.105913	1.065277	1.342668	1.350350	1.019207	1.011594	0.9305894	1.152456	0.9812346	0.7567155	0.606752	0.4533493	0.9008234	
    pvalue   :	0.8343363	0.9999997	0.9198745	0.06643413	1	1	1	1.369494e-10	0.0001980062	2.539082e-48	4.483211e-32	0.2963805	0.3963503	0.8494101	0.02800292	0.5528234	0.9925053	0.9999752	1	0.9206408	

Column 33:  UpAU_25nt
    Bin      :	0	0.05	0.1	0.15	0.2	0.25	0.3	0.35	0.4	0.45	0.5	0.55	0.6	0.65	0.7	0.75	0.8	0.85	0.9	0.95	1	
    odd-ratio:	0.5297753	0.3335103	0.3625844	0.6205667	0.8056355	0.8377445	0.9032878	1.065543	1.145885	1.158024	1.521418	1.534701	1.776410	1.798247	2.334746	2.827021	3.774663	2.667991	3.465504	0.5543731	
    pvalue   :	1	1	1	1	1	1	0.9999997	2.360849e-05	4.934001e-10	5.054541e-11	3.349794e-60	6.46592e-85	1.586753e-59	2.236142e-53	1.365333e-80	6.369315e-115	3.418273e-54	1.035532e-12	2.932668e-11	1	

Column 34:  DwsAcc_25nt
    Bin      :	0	0.05	0.1	0.15	0.2	0.25	0.3	0.35	0.4	0.45	0.5	0.55	0.6	0.65	0.7	0.75	0.8	0.85	0.9	0.95	1	
    odd-ratio:	NA	0.7942446	0.7053399	0.8483303	0.828493	0.7772318	0.7659747	1.117242	1.174834	1.259023	1.366350	1.614784	1.853015	1.929944	1.206064	0.7628664	0.3690231	0.4108504	NA	NA	
    pvalue   :	0.9999997	0.9859803	1	1	1	1	1	2.577203e-13	6.219273e-22	1.051197e-30	4.46242e-34	4.78738e-45	9.120885e-39	1.89483e-21	0.05622417	0.8535234	0.9829823	0.86316	0.905809	0.905809	

Column 35:  DwAU_25nt
    Bin      :	0	0.05	0.1	0.15	0.2	0.25	0.3	0.35	0.4	0.45	0.5	0.55	0.6	0.65	0.7	0.75	0.8	0.85	0.9	0.95	1	
    odd-ratio:	0.1117498	0.2407382	0.2784691	0.4748405	0.7082207	0.7171132	0.8284265	1.015969	1.111495	1.281710	1.693376	2.046248	2.330631	2.170249	2.364470	1.956492	2.020369	3.275483	1.192718	0.3629887	
    pvalue   :	1	1	1	1	1	1	1	0.1447142	4.804055e-07	7.941382e-28	2.113227e-111	4.19882e-294	2.055973e-155	1.216650e-84	6.05805e-68	2.379947e-32	1.572641e-07	2.724853e-12	0.2385433	0.7604178	

Column 36:  UpsAcc_30nt
    Bin      :	0	0.05	0.1	0.15	0.2	0.25	0.3	0.35	0.4	0.45	0.5	0.55	0.6	0.65	0.7	0.75	0.8	0.85	0.9	0.95	1	
    odd-ratio:	0.9633792	0.6258141	0.8899618	0.9596862	0.9535912	0.8095681	0.9683958	1.005245	1.132324	1.317935	1.309044	0.8282003	0.9124324	1.115142	1.051746	0.7207822	1.060255	0.604952	0.460532	0.901584	
    pvalue   :	0.6731256	1	0.9926948	0.923739	0.9905001	1	0.980901	0.3672761	4.677325e-13	5.056833e-41	1.179241e-23	0.9999936	0.9432806	0.05180953	0.2560731	0.9982284	0.2604319	0.9999697	1	0.9182666	

Column 37:  UpAU_30nt
    Bin      :	0	0.05	0.1	0.15	0.2	0.25	0.3	0.35	0.4	0.45	0.5	0.55	0.6	0.65	0.7	0.75	0.8	0.85	0.9	0.95	1	
    odd-ratio:	0.5762239	0.2552438	0.3643258	0.5852692	0.9716252	0.7980433	0.9892884	1.039033	1.211261	1.162909	1.457608	1.590484	1.709428	1.985902	2.438364	3.401563	2.815135	3.361550	1.488556	0.5513833	
    pvalue   :	1	1	1	1	0.9042868	1	0.6918397	0.01066355	5.872012e-17	1.284227e-15	1.714593e-37	1.382283e-83	3.033954e-44	8.460348e-104	1.625745e-67	3.018027e-125	3.151157e-21	1.457561e-23	0.08763068	1	

Column 38:  DwsAcc_30nt
    Bin      :	0	0.05	0.1	0.15	0.2	0.25	0.3	0.35	0.4	0.45	0.5	0.55	0.6	0.65	0.7	0.75	0.8	0.85	0.9	0.95	1	
    odd-ratio:	NA	0.4426435	0.7095467	0.7075843	0.8011068	0.8365894	0.8353469	1.045595	1.156450	1.247587	1.525806	1.794563	1.882790	1.402142	0.6770485	0.5409424	NA	NA	NA	NA	
    pvalue   :	0.9963096	0.9999944	1	1	1	1	1	0.001580731	1.284152e-18	1.229540e-27	6.984169e-59	1.820739e-58	1.577535e-31	0.00013641	0.9721368	0.9682189	0.9978607	0.9482927	0.8212611	0.7158987	

Column 39:  DwAU_30nt
    Bin      :	0	0.05	0.1	0.15	0.2	0.25	0.3	0.35	0.4	0.45	0.5	0.55	0.6	0.65	0.7	0.75	0.8	0.85	0.9	0.95	1	
    odd-ratio:	0.02471068	0.2769540	0.2634306	0.4596385	0.7154858	0.7396684	0.8666538	1.005144	1.092500	1.350058	1.799845	2.087805	2.12343	2.266586	2.126843	2.146648	2.010675	4.68064	NA	NA	
    pvalue   :	1	1	1	1	1	1	1	0.3710794	6.27153e-05	3.314915e-62	1.12095e-112	2.422200e-261	4.265969e-102	1.534979e-143	1.952505e-31	5.069678e-29	5.748152e-06	9.644889e-26	0.850284	0.6888753	

Column 43:  SiteBegin
    Bin      :	0	0.05	0.1	0.15	0.2	0.25	0.3	0.35	0.4	0.45	0.5	0.55	0.6	0.65	0.7	0.75	0.8	0.85	0.9	0.95	1	
    odd-ratio:	0.7066873	0.9409645	0.7756142	0.9001593	0.9325525	0.9653477	0.9010025	0.7220427	0.7005422	0.829113	0.917865	0.7957691	1.049685	1.010417	1.170212	1.099983	1.421902	1.352121	1.722696	1.456990	
    pvalue   :	1	0.9884667	1	0.999903	0.9935604	0.8938382	0.9998646	1	1	1	0.9983675	1	0.03925459	0.3484337	2.112955e-09	0.0002510075	9.808955e-44	1.79158e-31	9.526453e-112	6.315045e-52	

Column 40:  Gtotal
    Bin      :	-1000	-22	-21	-20	-19	-18	-17	-16	-15	-14	-13	-12	-11	-10	-9	-8	-7	-6	-5	-4	-3	-2	-1	0	1000	
    odd-ratio:	2.178996	1.312514	1.062267	1.417047	1.544401	1.682489	1.930182	1.725337	2.267236	1.933001	1.886823	1.603830	1.963879	1.564455	1.605988	1.645767	1.464625	1.506541	1.43905	1.320896	1.184198	1.121922	1.057273	0.5582392	
    pvalue   :	0.0300228	0.1980834	0.3255697	0.1107284	0.03272197	0.002322717	1.031471e-06	8.859083e-07	2.366951e-23	3.660528e-20	2.361908e-26	3.848206e-19	1.711731e-55	1.790863e-28	1.185512e-39	2.268365e-53	7.202908e-35	5.844702e-46	3.750999e-39	1.869136e-24	4.054686e-10	1.279729e-05	0.02096636	1	

Column 41:  Gnucl
    Bin      :	-1000	-10	-9.5	-9	-8.5	-8	-7.5	-7	-6.5	-6	-5.5	-5	-4.5	-4	-3.5	-3	-2.5	-2	-1.5	-1	-0.5	0	1000	
    odd-ratio:	NA	0.9150728	1.249508	0.8124056	1.233493	0.7515147	1.050233	1.077606	1.302642	1.369114	1.425683	1.535008	1.560221	1.395644	1.420154	1.348360	1.069097	1.044267	1.107520	1.024928	0.7466785	NA	
    pvalue   :	0.2420373	0.4822014	0.1911144	0.8278841	0.08033023	0.9923572	0.2627526	0.1334502	1.537797e-06	2.491617e-10	2.065179e-16	6.999758e-27	1.962443e-32	1.782186e-19	2.785241e-24	7.246542e-20	0.01980668	0.06907573	1.891681e-05	0.1084193	1	0	

Column 3:  Ghybrid
    Bin      :	-1000	-25	-24	-23	-22	-21	-20	-19	-18	-17	-16	-15	1000	
    odd-ratio:	0.6669263	0.7758875	0.8400452	0.8772506	0.7966499	0.8856557	0.8839343	0.9777987	0.9973965	1.083925	1.160133	1.856074	
    pvalue   :	1	0.9999998	0.9999939	0.9999663	1	0.9999998	1	0.886307	0.5577223	6.697255e-08	2.460076e-25	4.243946e-68	

