Size of positive set is 461798; size of negative set is 3820416

Column 4:  dG_hybrid
    Bin      :	-1000	-25	-24	-23	-22	-21	-20	-19	-18	-17	-16	-15	1000	
    odd-ratio:	1.150777	1.147248	1.113053	1.180904	1.152121	1.138201	1.116439	1.104202	1.092058	1.066569	1.059733	0.7623702	
    Pos_Count:	461798	1433	1384	2607	4962	8617	14773	23985	38026	58127	84464	118095	105325	
    Neg_Count:	3820416	10306	9984	19388	34819	62028	107795	178699	287130	445065	662716	935404	1067082	
Column 43:  dG_nucl
    Bin      :	-1000	-10	-9.5	-9	-8.5	-8	-7.5	-7	-6.5	-6	-5.5	-5	-4.5	-4	-3.5	-3	-2.5	-2	-1.5	-1	-0.5	0	1000	
    odd-ratio:	NA	1.406947	0.9373211	1.179362	1.115742	1.193606	1.206558	1.208446	1.137028	1.106376	1.048414	1.024646	1.015358	0.9759322	0.9550597	0.946828	0.9670869	0.9720668	0.9864105	0.9794147	0.9653467	NA	
    Pos_Count:	461798	0	269	201	1799	1995	4415	6882	10561	13832	17181	23231	25206	26742	27540	29328	29817	30213	31205	35057	43293	103031	0	
    Neg_Count:	3820416	1	1582	1774	12627	14799	30648	47308	72586	101005	128932	183740	203779	218079	233112	253288	259585	257882	265060	293712	364968	875949	0	
Column 42:  dG_total
    Bin      :	-1000	-22	-21	-20	-19	-18	-17	-16	-15	-14	-13	-12	-11	-10	-9	-8	-7	-6	-5	-4	-3	-2	-1	0	1000	
    odd-ratio:	1.024199	0.9753788	1.126076	1.011701	1.056762	1.018293	1.009159	0.9766515	0.9879254	1.007263	1.008419	1.011661	1.006198	1.013145	1.008828	1.022976	1.011663	1.018121	1.016256	1.017267	1.005619	1.005319	1.027998	0.9207999	
    Pos_Count:	461798	245	245	558	975	1933	3382	5891	9554	13375	17852	22416	26655	30055	32778	33984	34351	32700	30648	27638	24529	20994	17750	15067	58223	
    Neg_Count:	3820416	1979	2078	4100	7973	15136	27480	48299	80889	111963	146664	183972	218118	247210	267898	278866	278265	267624	249330	225205	199662	172755	146097	121361	517492	
Column 16:  Site_Access
    Bin      :	0	0.05	0.1	0.15	0.2	0.25	0.3	0.35	0.4	0.45	0.5	0.55	0.6	0.65	0.7	0.75	0.8	0.85	0.9	0.95	1	
    odd-ratio:	0.601553	0.7209156	0.7469106	0.8224726	0.8997287	0.9446793	0.9780157	0.9916423	0.9984935	0.9989248	1.027559	1.039921	1.052285	1.046377	1.037186	1.016887	1.039251	1.046233	0.9991966	0.8678281	
    Pos_Count:	461798	816	1360	2980	6392	12041	20409	32106	44876	55694	60509	58583	49964	38606	27330	18385	11870	8081	5610	3778	2408	
    Neg_Count:	3820416	11209	15589	32935	64103	110395	178268	271157	374078	461363	501054	473264	399138	304781	216646	146854	96610	64371	44384	31280	22937	
Column 18:  Upstream_Access(5nt)
    Bin      :	0	0.05	0.1	0.15	0.2	0.25	0.3	0.35	0.4	0.45	0.5	0.55	0.6	0.65	0.7	0.75	0.8	0.85	0.9	0.95	1	
    odd-ratio:	0.850835	0.9115996	0.9192315	0.909714	0.9272833	1.005652	0.9759752	0.984888	1.004433	1.024903	0.9999695	1.028267	1.014365	1.022926	1.000325	1.033711	1.044667	1.144884	1.039471	0.9820237	
    Pos_Count:	461798	15884	9670	8667	10299	23960	22231	20806	23902	31720	27594	26011	28894	30087	26224	25069	27144	26588	25368	24026	27654	
    Neg_Count:	3820416	153519	87579	77873	93452	212897	182931	176168	200614	261338	223060	215193	232867	245609	212357	207330	217654	211075	184592	191596	232712	
Column 20:  Dwstream_Access(5nt)
    Bin      :	0	0.05	0.1	0.15	0.2	0.25	0.3	0.35	0.4	0.45	0.5	0.55	0.6	0.65	0.7	0.75	0.8	0.85	0.9	0.95	1	
    odd-ratio:	0.8589785	0.9380787	0.9246315	0.931015	0.9453361	0.989913	1.008389	1.018513	1.011253	1.008947	1.011400	1.040736	1.028615	1.013786	1.029663	1.015253	1.034056	1.078713	1.084047	0.912831	
    Pos_Count:	461798	17435	10083	9032	11184	26599	23779	22937	26599	34472	28973	27338	30001	31118	25871	24658	25553	24034	20719	20254	21159	
    Neg_Count:	3820416	166884	88794	80683	99202	232003	198622	188255	216278	282245	237698	223765	239089	250745	211279	198422	208395	192613	159421	155096	190927	
Column 19:  Upstream_AU(5nt)
    Bin      :	0	0.05	0.1	0.15	0.2	0.25	0.3	0.35	0.4	0.45	0.5	0.55	0.6	0.65	0.7	0.75	0.8	0.85	0.9	0.95	1	
    odd-ratio:	1.063977	NA	NA	1.182904	0.822294	NA	0.8604988	1.233439	NA	0.6734621	NA	1.183655	NA	0.5760095	0.4441438	0.9694603	NA	NA	NA	0.6905944	
    Pos_Count:	461798	6204	0	0	22405	133	0	323	73860	0	1552	0	139677	0	1371	881	142625	0	0	0	72767	
    Neg_Count:	3820416	48278	0	0	157879	1338	0	3105	510857	0	19034	0	1024315	0	19648	16371	1205367	0	0	0	814224	
Column 21:  Dwstream_AU(5nt)
    Bin      :	0	0.05	0.1	0.15	0.2	0.25	0.3	0.35	0.4	0.45	0.5	0.55	0.6	0.65	0.7	0.75	0.8	0.85	0.9	0.95	1	
    odd-ratio:	1.165509	NA	NA	1.203998	NA	NA	NA	1.183419	NA	NA	NA	1.112414	NA	NA	NA	0.937874	NA	NA	NA	0.7289417	
    Pos_Count:	461798	4229	0	0	26011	0	0	0	79967	0	0	0	144412	0	0	0	144212	0	0	0	62967	
    Neg_Count:	3820416	30057	0	0	180449	0	0	0	574442	0	0	0	1109025	0	0	0	1246302	0	0	0	680141	
Column 22:  Upstream_Access(10nt)
    Bin      :	0	0.05	0.1	0.15	0.2	0.25	0.3	0.35	0.4	0.45	0.5	0.55	0.6	0.65	0.7	0.75	0.8	0.85	0.9	0.95	1	
    odd-ratio:	0.7420263	0.8368929	0.8079874	0.8773295	0.8475212	0.953717	0.9435763	0.9599995	0.9904101	0.988633	1.016522	1.029299	1.040346	1.099415	1.090377	1.073498	1.027027	1.130460	1.047373	0.8771173	
    Pos_Count:	461798	2619	2390	7409	8240	14829	18725	26371	29381	37938	38242	41280	38710	37488	34386	29693	24798	19865	18696	15675	15063	
    Neg_Count:	3820416	29142	23602	75572	77507	143919	162109	230424	252525	316645	319706	336444	311873	299049	260503	226494	191811	160198	137463	124003	141427	
Column 24:  Dwstream_Access(10nt)
    Bin      :	0	0.05	0.1	0.15	0.2	0.25	0.3	0.35	0.4	0.45	0.5	0.55	0.6	0.65	0.7	0.75	0.8	0.85	0.9	0.95	1	
    odd-ratio:	0.6880168	0.8359817	0.7663079	0.9382619	0.9169348	1.004694	0.9778548	0.9933063	1.003172	1.000396	0.992654	1.046088	1.055933	1.061515	1.064859	1.071858	1.076451	1.128566	1.029253	0.6543643	
    Pos_Count:	461798	2285	2019	7249	8975	17088	20940	29639	33001	41784	41306	43139	40494	38487	32360	27025	22041	17723	15038	11663	9542	
    Neg_Count:	3820416	27414	19963	77886	79034	153659	172462	250390	274722	344681	341598	359278	321486	302871	253226	210709	170665	136580	110646	93812	119334	
Column 23:  Upstream_AU(10nt)
    Bin      :	0	0.05	0.1	0.15	0.2	0.25	0.3	0.35	0.4	0.45	0.5	0.55	0.6	0.65	0.7	0.75	0.8	0.85	0.9	0.95	1	
    odd-ratio:	0.8240805	1.128186	0.4206379	1.137968	0.771866	1.239056	0.760956	1.267686	0.8684181	1.265922	NA	1.237333	0.7354489	1.092756	0.4884608	0.8756671	0.5124439	0.7201	NA	0.5462102	
    Pos_Count:	461798	2411	727	15	3270	159	11530	441	30476	335	62977	0	94575	470	107843	1884	82271	664	41270	0	20480	
    Neg_Count:	3820416	24177	5332	295	23793	1704	77356	4793	201697	3191	423698	0	658192	5285	832957	31773	758084	10705	458216	0	299168	
Column 25:  Dwstream_AU(10nt)
    Bin      :	0	0.05	0.1	0.15	0.2	0.25	0.3	0.35	0.4	0.45	0.5	0.55	0.6	0.65	0.7	0.75	0.8	0.85	0.9	0.95	1	
    odd-ratio:	0.6620829	1.139581	NA	1.237638	NA	1.256787	NA	1.263124	NA	1.245949	NA	1.193443	NA	1.035258	NA	0.8504035	NA	0.7069723	NA	0.5290881	
    Pos_Count:	461798	148	884	0	3875	0	13305	0	33779	0	64761	0	98073	0	107924	0	84615	0	42781	0	11653	
    Neg_Count:	3820416	1849	6419	0	25944	0	88100	0	224661	0	442246	0	704076	0	869358	0	797450	0	482107	0	178206	
Column 26:  Upstream_Access(15nt)
    Bin      :	0	0.05	0.1	0.15	0.2	0.25	0.3	0.35	0.4	0.45	0.5	0.55	0.6	0.65	0.7	0.75	0.8	0.85	0.9	0.95	1	
    odd-ratio:	0.754054	0.6356218	0.7074172	0.8679815	0.8029256	0.8370137	0.935823	0.9442049	0.9519045	0.9783753	1.015218	1.055009	1.095753	1.126253	1.147446	1.069809	1.084224	1.106311	1.014885	0.7656427	
    Pos_Count:	461798	873	1640	2868	6275	9842	15524	24590	32624	40264	45802	47996	46725	42934	36907	29830	22322	17518	14622	11694	10948	
    Neg_Count:	3820416	9572	21302	33454	59685	100879	152439	216591	284656	348396	386444	391725	368340	326806	273552	216870	173164	134062	109676	95360	117443	
Column 28:  Dwstream_Access(15nt)
    Bin      :	0	0.05	0.1	0.15	0.2	0.25	0.3	0.35	0.4	0.45	0.5	0.55	0.6	0.65	0.7	0.75	0.8	0.85	0.9	0.95	1	
    odd-ratio:	0.3973686	0.6040037	0.6141947	0.8879984	0.9114413	0.925905	0.972488	0.9758155	0.9782543	0.9986122	1.038531	1.071655	1.067720	1.087386	1.105324	1.091027	1.078997	1.106433	0.9253017	0.4801363	
    Pos_Count:	461798	271	1192	2232	6127	11453	18421	27381	35848	44524	50687	52040	48958	42060	33888	26492	19638	14557	11601	7992	6436	
    Neg_Count:	3820416	5637	16299	29973	56986	103706	164067	232539	303334	375726	419848	416290	380642	327783	259352	199372	149439	111870	86952	71355	109246	
Column 27:  Upstream_AU(15nt)
    Bin      :	0	0.05	0.1	0.15	0.2	0.25	0.3	0.35	0.4	0.45	0.5	0.55	0.6	0.65	0.7	0.75	0.8	0.85	0.9	0.95	1	
    odd-ratio:	0.8393292	0.5309357	0.7571193	0.96003	0.8180786	1.021603	1.171313	1.315135	0.8620816	1.223528	1.319028	1.294189	0.8491955	1.165205	0.9854666	0.8251961	0.4300601	0.6710025	0.5498716	0.5112985	
    Pos_Count:	461798	2291	69	227	801	188	2327	7227	16724	469	32778	50999	73626	1573	85734	77324	55323	1314	29654	10209	12941	
    Neg_Count:	3820416	22560	1075	2480	6902	1901	18846	51161	106124	4500	224541	328643	488342	15315	625164	647530	540908	25182	354450	150866	203926	
Column 29:  Dwstream_AU(15nt)
    Bin      :	0	0.05	0.1	0.15	0.2	0.25	0.3	0.35	0.4	0.45	0.5	0.55	0.6	0.65	0.7	0.75	0.8	0.85	0.9	0.95	1	
    odd-ratio:	0.4567656	0.7837965	1.078710	1.135680	NA	1.284342	1.253417	1.242511	NA	1.263517	1.274997	1.271456	NA	1.122147	0.975593	0.8080409	NA	0.6847032	0.5303656	0.3904844	
    Pos_Count:	461798	18	92	333	877	0	2961	7754	17188	0	32432	53784	75910	0	84608	78718	57358	0	32499	12959	4307	
    Neg_Count:	3820416	326	971	2554	6390	0	19100	51353	115279	0	215506	357974	511884	0	636457	664685	570414	0	380343	197240	89940	
Column 30:  Upstream_Access(20nt)
    Bin      :	0	0.05	0.1	0.15	0.2	0.25	0.3	0.35	0.4	0.45	0.5	0.55	0.6	0.65	0.7	0.75	0.8	0.85	0.9	0.95	1	
    odd-ratio:	0.8373755	0.5407424	0.5991761	0.7633785	0.7453542	0.867979	0.8546005	0.9089558	0.9254826	0.978793	1.026498	1.090859	1.132403	1.212605	1.133887	1.071888	1.035723	1.068260	0.9234215	0.717707	
    Pos_Count:	461798	602	846	1675	3945	7119	13836	21606	32505	42162	50194	54202	52672	46575	39499	28912	20568	14993	11883	8737	9267	
    Neg_Count:	3820416	5946	12923	23071	42640	78602	131276	207504	293775	374137	423251	438161	403288	344320	273582	212515	159221	119892	92177	78152	105983	
Column 32:  Dwstream_Access(20nt)
    Bin      :	0	0.05	0.1	0.15	0.2	0.25	0.3	0.35	0.4	0.45	0.5	0.55	0.6	0.65	0.7	0.75	0.8	0.85	0.9	0.95	1	
    odd-ratio:	0.3158494	0.4704463	0.5322759	0.745272	0.794341	0.8984435	0.924537	0.9839158	0.9776253	1.059972	1.028012	1.063329	1.102517	1.134098	1.105136	1.068493	1.096681	0.9913575	0.7603025	0.3992716	
    Pos_Count:	461798	65	376	1125	3466	7278	14552	24313	36998	47805	58204	57148	53052	44948	35664	25652	17817	13219	8972	5689	5455	
    Neg_Count:	3820416	1702	6606	17448	38376	75491	133520	216626	310678	403582	457536	461454	415599	340355	262556	193048	138292	99971	74859	61663	111054	
Column 31:  Upstream_AU(20nt)
    Bin      :	0	0.05	0.1	0.15	0.2	0.25	0.3	0.35	0.4	0.45	0.5	0.55	0.6	0.65	0.7	0.75	0.8	0.85	0.9	0.95	1	
    odd-ratio:	0.8390185	0.851608	0.5372935	0.7798031	0.8674174	0.9808237	1.153563	1.2107	1.292629	1.274494	1.361738	1.323960	1.260806	1.064054	0.8777747	0.7565628	0.6529959	0.5026901	0.455824	0.4981378	
    Pos_Count:	461798	2274	49	81	318	772	1781	4787	9682	17513	32584	45177	62354	70588	70399	57031	39598	22524	9934	3230	11122	
    Neg_Count:	3820416	22401	476	1247	3373	7361	15021	34378	66401	113055	214771	281785	402939	478294	552415	528423	421373	278151	160080	58137	180335	
Column 33:  Dwstream_AU(20nt)
    Bin      :	0	0.05	0.1	0.15	0.2	0.25	0.3	0.35	0.4	0.45	0.5	0.55	0.6	0.65	0.7	0.75	0.8	0.85	0.9	0.95	1	
    odd-ratio:	0.2585174	0.7771833	1.340956	1.077221	1.231551	1.283374	1.097852	1.229505	1.285597	1.289907	1.326888	1.312638	1.190752	1.070171	0.900104	0.7683017	0.6724758	0.55826	0.3944232	0.3147695	
    Pos_Count:	461798	7	45	153	319	835	2166	4357	9759	18333	30371	46370	62024	70368	70511	58467	42158	25508	12353	5077	2617	
    Neg_Count:	3820416	224	479	944	2450	5611	13977	32860	65925	119024	197709	296442	403825	501124	550595	529928	441786	305583	179266	104721	67943	
Column 34:  Upstream_Access(25nt)
    Bin      :	0	0.05	0.1	0.15	0.2	0.25	0.3	0.35	0.4	0.45	0.5	0.55	0.6	0.65	0.7	0.75	0.8	0.85	0.9	0.95	1	
    odd-ratio:	0.8848852	0.540217	0.4497257	0.6206415	0.6702792	0.8026729	0.8543453	0.8545099	0.9354973	0.9760204	1.057963	1.099520	1.173903	1.193728	1.199933	1.043500	1.016441	0.999316	0.8781835	0.6501992	
    Pos_Count:	461798	584	660	908	2487	5198	11157	20186	30808	44401	54187	59194	56116	49716	39531	29607	19038	13024	9689	7371	7936	
    Neg_Count:	3820416	5459	10095	16663	33042	63803	114313	194022	294917	390067	457978	466151	426919	356045	277822	206329	151194	106052	80210	69285	100050	
Column 36:  Dwstream_Access(25nt)
    Bin      :	0	0.05	0.1	0.15	0.2	0.25	0.3	0.35	0.4	0.45	0.5	0.55	0.6	0.65	0.7	0.75	0.8	0.85	0.9	0.95	1	
    odd-ratio:	0.1659220	0.2157178	0.4463677	0.7166578	0.6851552	0.885351	0.91894	0.975951	0.9704872	1.040086	1.093032	1.110062	1.090020	1.113887	1.132626	1.043081	1.021337	0.8338932	0.6444022	0.3464474	
    Pos_Count:	461798	26	93	597	2229	4701	11764	21722	35996	48947	61004	63983	58210	46076	35695	25745	16783	11606	7099	4615	4907	
    Neg_Count:	3820416	1296	3564	11047	25682	56498	109564	194748	304545	415908	487713	490052	439310	352608	267221	189282	133310	94059	70213	58923	114873	
Column 35:  Upstream_AU(25nt)
    Bin      :	0	0.05	0.1	0.15	0.2	0.25	0.3	0.35	0.4	0.45	0.5	0.55	0.6	0.65	0.7	0.75	0.8	0.85	0.9	0.95	1	
    odd-ratio:	0.848585	NA	0.3037315	0.7072437	0.8659057	0.6888287	0.9765428	1.137116	1.235676	1.234371	1.368666	1.406861	1.316112	1.136892	0.937759	0.7599608	0.6222924	0.4887364	0.3773445	0.4879146	
    Pos_Count:	461798	2270	0	17	223	427	555	1884	8850	11011	21879	28521	93054	61932	64733	55792	69081	18262	8967	2884	11456	
    Neg_Count:	3820416	22111	99	463	2608	4079	6662	15959	64536	74056	147967	175312	581056	402254	479135	488282	718085	237089	148764	62584	189315	
Column 37:  Dwstream_AU(25nt)
    Bin      :	0	0.05	0.1	0.15	0.2	0.25	0.3	0.35	0.4	0.45	0.5	0.55	0.6	0.65	0.7	0.75	0.8	0.85	0.9	0.95	1	
    odd-ratio:	NA	NA	0.6439894	0.929732	1.065255	1.176218	1.285221	1.122383	1.172712	1.358908	1.395935	1.370551	1.259825	1.118928	1.011222	0.7847816	0.685372	0.5613525	0.4326482	0.3100865	
    Pos_Count:	461798	0	0	13	147	304	712	1573	8507	10369	18914	29213	91596	60115	60432	56899	78588	21822	11495	5677	5422	
    Neg_Count:	3820416	29	70	167	1308	2361	5009	10133	62830	73391	116406	176292	584221	405649	453113	466134	791510	257814	166175	106831	140973	
Column 38:  Upstream_Access(30nt)
    Bin      :	0	0.05	0.1	0.15	0.2	0.25	0.3	0.35	0.4	0.45	0.5	0.55	0.6	0.65	0.7	0.75	0.8	0.85	0.9	0.95	1	
    odd-ratio:	0.9834371	0.5147987	0.3988692	0.4988987	0.6148103	0.7562823	0.8051078	0.8598791	0.9056136	0.9827941	1.067442	1.133182	1.211643	1.219391	1.092595	1.111533	0.9911522	0.94081	0.7905402	0.6265636	
    Pos_Count:	461798	580	530	676	1665	3902	9320	18002	30592	44435	56706	63125	60070	52606	40490	26974	18920	11554	8215	6046	7390	
    Neg_Count:	3820416	4879	8508	13990	27510	52229	101292	183251	291183	401890	476313	493495	445356	366478	279106	205258	141399	96417	72157	63052	96653	
Column 40:  Dwstream_Access(30nt)
    Bin      :	0	0.05	0.1	0.15	0.2	0.25	0.3	0.35	0.4	0.45	0.5	0.55	0.6	0.65	0.7	0.75	0.8	0.85	0.9	0.95	1	
    odd-ratio:	0.1483710	0.07053255	0.3087295	0.5425675	0.6751399	0.8067063	0.8970566	0.9420431	0.989357	1.07438	1.123439	1.110752	1.134340	1.105011	1.087393	1.058780	0.8880958	0.7089569	0.553346	0.3163968	
    Pos_Count:	461798	12	17	294	1243	3519	9015	19236	33615	49690	64492	68290	60170	49473	36077	25304	16727	9823	6025	4076	4700	
    Neg_Count:	3820416	669	1993	7867	18910	42963	92020	176556	293887	415023	501448	511188	454047	365451	272119	193365	130962	91260	69932	60508	120248	
Column 39:  Upstream_AU(30nt)
    Bin      :	0	0.05	0.1	0.15	0.2	0.25	0.3	0.35	0.4	0.45	0.5	0.55	0.6	0.65	0.7	0.75	0.8	0.85	0.9	0.95	1	
    odd-ratio:	0.851801	NA	0.2968521	0.6497433	0.9076951	0.636876	1.019377	1.066859	1.234538	1.264098	1.411912	1.421795	1.350754	1.153683	0.8393263	0.730079	0.5849971	0.4223736	0.2919919	0.4998762	
    Pos_Count:	461798	2270	0	15	141	317	570	1635	6235	7604	32531	27374	83052	56061	106763	45303	55180	14986	9336	1315	11110	
    Neg_Count:	3820416	22028	111	418	1795	2889	7399	13270	48390	51116	216080	163217	510486	354531	789911	438303	598820	207160	177942	37002	179548	
Column 41:  Dwstream_AU(30nt)
    Bin      :	0	0.05	0.1	0.15	0.2	0.25	0.3	0.35	0.4	0.45	0.5	0.55	0.6	0.65	0.7	0.75	0.8	0.85	0.9	0.95	1	
    odd-ratio:	NA	NA	NA	0.8457258	0.909916	1.076942	1.314178	1.079024	1.176729	1.304051	1.457501	1.385070	1.295770	1.159080	0.948935	0.7746904	0.6611694	0.5315204	0.3493413	0.2979574	
    Pos_Count:	461798	0	0	0	55	109	766	1217	5583	6622	29039	27062	79302	51830	106713	45999	63864	17996	17339	3428	4874	
    Neg_Count:	3820416	0	54	65	538	991	5885	7666	42843	46656	186965	156485	497412	339612	786610	398886	655633	220767	261230	80073	132045	
Column 15:  Site_Location
    Bin      :	0	0.05	0.1	0.15	0.2	0.25	0.3	0.35	0.4	0.45	0.5	0.55	0.6	0.65	0.7	0.75	0.8	0.85	0.9	0.95	1	
    odd-ratio:	0.7643984	0.8110888	0.90363	1.009335	1.063558	1.124279	1.155369	1.188592	1.165424	1.13042	1.062682	1.137447	1.098539	1.002469	0.9757649	0.9711455	0.9180875	0.8198618	0.6888743	0.5198063	
    Pos_Count:	461798	29118	23192	24005	25939	26902	27727	28384	29564	28638	29078	25589	27646	26078	23920	22683	21166	18106	14115	8277	1671	
    Neg_Count:	3820416	309130	233818	218559	212717	209989	205390	204935	207885	205096	214363	199862	202541	197389	197426	192081	180062	162585	141479	98603	26506	
Column 10:  3'_bp
    Bin      :	0	1	
    odd-ratio:	0.9769911	1.023551	
    Pos_Count:	461798	369323	92475	
    Neg_Count:	3820416	3069521	750895	
Column 4:  Site_Consv
    Bin      :	0	0.1	0.2	0.3	0.4	0.5	0.6	0.7	0.8	0.9	1	
    odd-ratio:	0.3742226	0.7728449	0.8228786	0.9086345	0.9893081	1.116254	1.299797	1.506449	1.632301	2.26119	
    Pos_Count:	461798	53512	35862	35700	37330	39345	43476	43248	43767	43534	86024	
    Neg_Count:	3820416	990966	375318	353040	337141	328713	325405	281341	248264	229004	351224	

