Size of positive set is 211; size of negative set is 148864

Column 39:  site_conser
    Bin      :	0	0.1	0.2	0.3	0.4	0.5	0.6	0.7	0.8	0.9	1	
    odd-ratio:	0.3960136	0.5387322	1.030953	2.432431	1.427220	1.999787	1.272643	1.373719	2.113011	1.175018	
Column 40:  seed_conser
    Bin      :	0	0.1	0.2	0.3	0.4	0.5	0.6	0.7	0.8	0.9	1	
    odd-ratio:	0.6255034	0.6798112	3.736666	0	3.432889	0.6083585	0	0.3784184	1.635307	1.243117	
Column 41:  offseed_conser
    Bin      :	0	0.1	0.2	0.3	0.4	0.5	0.6	0.7	0.8	0.9	1	
    odd-ratio:	0.4828291	0.7205468	1.152358	0.2109236	1.625370	1.552193	1.633191	2.973183	2.252817	1.101283	

Column 6:  Seed_kind
    Bin      :	6mer	7mer-A1	7mer-m8	8mer	offset-6mer	
    odd-ratio:	0.9700098	1.838632	1.083264	1.209436	0.7839495	
    pvalue   :	0.5517222	0.002601106	0.3009379	0.2296906	0.950228	

Column 6*8:  Seed_kind*region12_17
    Bin      :	6mer@0	6mer@1	7mer-A1@0	7mer-A1@1	7mer-m8@0	7mer-m8@1	8mer@0	8mer@1	offset-6mer@0	offset-6mer@1	
    odd-ratio:	0.8924605	1.512890	1.800633	1.933923	1.167937	0.3792447	1.367464	NA	0.7697971	1.042571	
    pvalue   :	0.748456	0.07017956	0.005016693	0.07308191	0.1894556	0.7374939	0.1487649	0.4814978	0.9580126	0.3652997	

Column 8:  region12_17
    Bin      :	0	1	
    odd-ratio:	0.8559041	1.168355	
    pvalue   :	0.733017	0.1995969	

Column 9:  SiteAcc
    Bin      :	0	0.05	0.1	0.15	0.2	0.25	0.3	0.35	0.4	0.45	0.5	0.55	0.6	0.65	0.7	0.75	0.8	0.85	0.9	0.95	1	
    odd-ratio:	NA	NA	NA	0.181055	0.2322202	0.4081064	0.6729067	0.7021477	2.171102	2.121823	1.767695	2.187542	6.737872	0.8253039	NA	5.006402	NA	NA	NA	NA	
    pvalue   :	0.4829691	0.751938	0.9857242	0.9985804	0.9999584	0.9998065	0.973198	0.9554346	1.615875e-06	6.856605e-05	0.01187186	0.006383699	1.271096e-09	0.3413126	0.4401584	0.008041498	0.1551685	0.1209655	0.07101741	0.04837057	

Column 10:  SeedAcc
    Bin      :	0	0.05	0.1	0.15	0.2	0.25	0.3	0.35	0.4	0.45	0.5	0.55	0.6	0.65	0.7	0.75	0.8	0.85	0.9	0.95	1	
    odd-ratio:	0.1361781	0.67111	0.2106062	0.903557	0.4168843	0.3158949	1.12123	2.071800	1.604115	3.566872	0.5246793	0.942286	0.7756449	0.1462556	0.2424917	0.3984669	1.609555	3.050686	3.673358	1.396179	
    pvalue   :	0.9999245	0.7480475	0.9952059	0.6242784	0.9953133	0.9992191	0.2529189	7.478876e-05	0.01395504	1.615484e-11	0.9497507	0.4831178	0.6489328	0.990848	0.9148903	0.7126191	0.1081817	0.01137658	0.005406267	0.1617072	

Column 11:  UpsAcc_5nt
    Bin      :	0	0.05	0.1	0.15	0.2	0.25	0.3	0.35	0.4	0.45	0.5	0.55	0.6	0.65	0.7	0.75	0.8	0.85	0.9	0.95	1	
    odd-ratio:	0.6741738	0.8563862	0.8069377	0.946622	0.5537741	0.6050246	1.088958	1.482107	1.304282	0.7224822	0.4857075	1.715382	1.108730	2.334384	2.378429	0.3281584	0.6377874	1.196483	1.172802	1.445002	
    pvalue   :	0.9013	0.5845122	0.6321584	0.498543	0.9850668	0.9313502	0.3125553	0.03281061	0.09897028	0.767123	0.9388225	0.01544537	0.2988939	0.001693429	0.001895423	0.9394949	0.6877221	0.2463473	0.2587596	0.1202331	

Column 12:  UpAU_5nt
    Bin      :	0	0.05	0.1	0.15	0.2	0.25	0.3	0.35	0.4	0.45	0.5	0.55	0.6	0.65	0.7	0.75	0.8	0.85	0.9	0.95	1	
    odd-ratio:	0.07202383	NA	NA	0.5756481	NA	NA	0.958385	0.7807683	NA	0.4405121	NA	2.122389	NA	NA	NA	2.396141	NA	NA	NA	1.241323	
    pvalue   :	1	0	0	0.9979885	0.4807606	0	0.2801574	0.934528	0	0.6603744	0	1.492354e-07	0	0.5305958	0.3170640	3.321526e-06	0	0	0	0.1992057	

Column 13:  DwsAcc_5nt
    Bin      :	0	0.05	0.1	0.15	0.2	0.25	0.3	0.35	0.4	0.45	0.5	0.55	0.6	0.65	0.7	0.75	0.8	0.85	0.9	0.95	1	
    odd-ratio:	0.4491228	1.276521	0.5838069	0.7338045	0.1323877	0.2737981	0.3955972	3.712206	0.6427076	0.9291952	1.939981	0.5587203	2.914426	0.8621864	2.201759	1.221663	1.532379	NA	3.867962	0.8846779	
    pvalue   :	0.9934047	0.1660431	0.849642	0.789348	1	0.999595	0.991544	8.901702e-14	0.9212101	0.5169231	0.003548925	0.9041518	3.887327e-06	0.5196226	0.006085749	0.2269094	0.1041618	0.8995939	0.0006379845	0.3930902	

Column 14:  DwAU_5nt
    Bin      :	0	0.05	0.1	0.15	0.2	0.25	0.3	0.35	0.4	0.45	0.5	0.55	0.6	0.65	0.7	0.75	0.8	0.85	0.9	0.95	1	
    odd-ratio:	0.05573274	NA	NA	0.8009049	NA	NA	NA	1.128589	NA	NA	NA	0.7966329	NA	NA	NA	2.408697	NA	NA	NA	3.664476	
    pvalue   :	0.9999994	0	0	0.8986489	0	0	0	0.1777949	0	0	0	0.8866212	0	0	0	4.782203e-06	0	0	0	0.0001552770	

Column 15:  UpsAcc_10nt
    Bin      :	0	0.05	0.1	0.15	0.2	0.25	0.3	0.35	0.4	0.45	0.5	0.55	0.6	0.65	0.7	0.75	0.8	0.85	0.9	0.95	1	
    odd-ratio:	0.8576882	0.2314514	0.7273909	0.6627671	0.9888583	1.180884	0.6853953	0.4507332	1.791769	0.5282545	1.354310	1.068887	1.505122	0.8752063	5.252053	0.6456909	0.9420244	0.5207208	NA	1.319875	
    pvalue   :	0.4971962	0.9271774	0.7805215	0.8607016	0.4616642	0.1865985	0.9228601	0.9954201	0.001189578	0.9696958	0.08914903	0.3388391	0.07221057	0.5054643	3.874214e-09	0.5963675	0.3564040	0.5706603	0.8486219	0.1912048	

Column 16:  UpAU_10nt
    Bin      :	0	0.05	0.1	0.15	0.2	0.25	0.3	0.35	0.4	0.45	0.5	0.55	0.6	0.65	0.7	0.75	0.8	0.85	0.9	0.95	1	
    odd-ratio:	0.3888936	0.3888936	NA	0.5103629	NA	0.3888936	0.5525307	0.6203691	NA	1.982098	NA	1.388577	NA	3.086816	NA	4.562405	NA	3.843616	NA	NA	
    pvalue   :	0.9999976	0.999985	0.3218922	0.9925637	0.6879683	0.999952	0.5388878	0.990299	0.5450492	5.173801e-06	0	0.04005071	0.1705950	2.911192e-08	0.4353673	9.205713e-09	0.06706026	0.001248137	0	0.9827002	

Column 17:  DwsAcc_10nt
    Bin      :	0	0.05	0.1	0.15	0.2	0.25	0.3	0.35	0.4	0.45	0.5	0.55	0.6	0.65	0.7	0.75	0.8	0.85	0.9	0.95	1	
    odd-ratio:	NA	NA	0.8768825	0.4424722	0.190992	0.3181339	1.977586	0.9649136	2.898232	1.532237	0.5418417	0.9305344	0.5985026	1.543715	NA	NA	NA	3.250238	5.247021	NA	
    pvalue   :	0.9665196	0.9669029	0.5938874	0.9785103	0.9999985	0.9998647	4.228050e-05	0.5072449	1.782909e-10	0.01915937	0.9522417	0.4983195	0.7914641	0.09187295	0.9466537	0.8426672	0.6562446	0.02496605	0.007084522	0.2574405	

Column 18:  DwAU_10nt
    Bin      :	0	0.05	0.1	0.15	0.2	0.25	0.3	0.35	0.4	0.45	0.5	0.55	0.6	0.65	0.7	0.75	0.8	0.85	0.9	0.95	1	
    odd-ratio:	NA	0.3950667	NA	1.226550	NA	0.3950667	NA	1.236724	NA	1.032265	NA	1.533069	NA	2.303027	NA	1.311972	NA	NA	NA	NA	
    pvalue   :	0.9503508	0.9999923	0	0.1228559	0	0.9999895	0	0.0750499	0	0.3873831	0	0.009518131	0	0.0001910298	0	0.1878059	0	0.677119	0	0.2425485	

Column 19:  UpsAcc_15nt
    Bin      :	0	0.05	0.1	0.15	0.2	0.25	0.3	0.35	0.4	0.45	0.5	0.55	0.6	0.65	0.7	0.75	0.8	0.85	0.9	0.95	1	
    odd-ratio:	NA	0.7970194	1.305721	1.038489	0.7332393	0.8625304	0.5869734	0.703533	1.486020	1.127408	1.148749	1.645194	0.4692617	2.012554	3.232516	2.183279	NA	1.399467	2.469084	NA	
    pvalue   :	0.8968249	0.5176021	0.1623864	0.3757254	0.8529672	0.7022983	0.9831863	0.9179013	0.01700627	0.2541109	0.2471201	0.02738160	0.876621	0.02186001	0.001177839	0.03960734	0.7815087	0.1741525	0.02542748	0.9457263	

Column 20:  UpAU_15nt
    Bin      :	0	0.05	0.1	0.15	0.2	0.25	0.3	0.35	0.4	0.45	0.5	0.55	0.6	0.65	0.7	0.75	0.8	0.85	0.9	0.95	1	
    odd-ratio:	NA	NA	0.2221001	0.6031198	NA	0.08383669	0.4150112	0.6595111	NA	1.264560	2.103599	2.481371	16.28907	3.057628	1.69063	4.762574	NA	1.104591	NA	NA	
    pvalue   :	0.9999742	0.9751872	0.9929915	0.932855	0.7903647	1	0.9995939	0.9623519	0.702296	0.08416529	2.819466e-05	3.342920e-06	1.553802e-07	5.286066e-07	0.0541949	1.580246e-05	0.0931278	0.2295594	0.286356	0.9764081	

Column 21:  DwsAcc_15nt
    Bin      :	0	0.05	0.1	0.15	0.2	0.25	0.3	0.35	0.4	0.45	0.5	0.55	0.6	0.65	0.7	0.75	0.8	0.85	0.9	0.95	1	
    odd-ratio:	NA	NA	NA	0.1534024	1.065198	0.9234051	0.270277	0.7935618	0.827085	2.63946	4.021911	0.4523273	0.3911440	1.147415	0.6304318	NA	5.041976	NA	NA	NA	
    pvalue   :	0.4981692	0.9518956	0.9985267	0.999712	0.3357730	0.6007371	0.9999975	0.8334329	0.766314	4.473666e-08	3.232641e-14	0.9355749	0.8814063	0.2677496	0.4697518	0.5265753	0.00788958	0.2371582	0.1646952	0.07364623	

Column 22:  DwAU_15nt
    Bin      :	0	0.05	0.1	0.15	0.2	0.25	0.3	0.35	0.4	0.45	0.5	0.55	0.6	0.65	0.7	0.75	0.8	0.85	0.9	0.95	1	
    odd-ratio:	NA	NA	NA	0.1588121	NA	0.9782523	1.065331	0.9109698	NA	1.651987	0.8484077	1.405496	NA	3.166227	0.2519843	NA	NA	NA	NA	NA	
    pvalue   :	0.5031364	0.950422	0.9998628	0.9999852	0	0.4900181	0.3250445	0.6460821	0	0.001183306	0.7222646	0.05833202	0	1.477942e-06	0.9038257	0.836946	0	0.4107926	0.15277	0.09569434	

Column 23:  UpsAcc_20nt
    Bin      :	0	0.05	0.1	0.15	0.2	0.25	0.3	0.35	0.4	0.45	0.5	0.55	0.6	0.65	0.7	0.75	0.8	0.85	0.9	0.95	1	
    odd-ratio:	NA	0.911864	1.826406	1.766476	0.2980054	0.8604498	0.6157471	0.6612087	0.7688638	2.023298	1.171022	1.639490	2.365195	1.955695	4.41508	1.329280	NA	NA	NA	NA	
    pvalue   :	0.8446776	0.3751809	0.03107743	0.009138494	0.9996283	0.7117427	0.9806245	0.9613125	0.8520174	0.0001360598	0.2257524	0.03510537	0.003546651	0.03834143	0.0001309801	0.1928331	0.7127126	0.7347481	0.7836799	0.944145	

Column 24:  UpAU_20nt
    Bin      :	0	0.05	0.1	0.15	0.2	0.25	0.3	0.35	0.4	0.45	0.5	0.55	0.6	0.65	0.7	0.75	0.8	0.85	0.9	0.95	1	
    odd-ratio:	0.1137777	NA	0.2679016	0.6510998	0.1137777	0.1851981	0.5212939	0.8855688	0.7549572	1.498462	2.084861	2.354533	3.807698	3.374225	4.773691	3.201952	NA	NA	NA	NA	
    pvalue   :	0.999987	0.9721152	0.9775575	0.8551393	0.999993	0.9999906	0.9904842	0.6587852	0.8501227	0.01538177	0.0002796501	8.419842e-05	3.639583e-08	1.481247e-05	3.328215e-06	0.009401262	0.4345648	0.3209293	0.08278893	0.9750438	

Column 25:  DwsAcc_20nt
    Bin      :	0	0.05	0.1	0.15	0.2	0.25	0.3	0.35	0.4	0.45	0.5	0.55	0.6	0.65	0.7	0.75	0.8	0.85	0.9	0.95	1	
    odd-ratio:	NA	NA	NA	1.120070	0.3809524	0.70279	0.6390718	1.084267	1.197776	3.066150	0.9307256	1.121597	NA	0.5138015	NA	4.414455	NA	NA	NA	NA	
    pvalue   :	0.1682401	0.652802	0.983529	0.2840140	0.9983396	0.9293854	0.9803435	0.2896853	0.1463479	4.876151e-11	0.521934	0.290398	0.9790696	0.5778565	0.6064819	0.01125854	0.1134589	0.1271727	0.05106317	0.01406456	

Column 26:  DwAU_20nt
    Bin      :	0	0.05	0.1	0.15	0.2	0.25	0.3	0.35	0.4	0.45	0.5	0.55	0.6	0.65	0.7	0.75	0.8	0.85	0.9	0.95	1	
    odd-ratio:	NA	NA	NA	0.149846	0.3195983	0.1178024	1.603667	1.307913	1.207516	1.851180	1.506852	0.5481996	3.467207	0.769754	NA	NA	NA	NA	NA	NA	
    pvalue   :	0.6962993	0.9464233	0.9993256	0.9997758	0.9991001	1	0.003516159	0.06363438	0.1394652	0.0004308885	0.02442383	0.9134174	1.405944e-06	0.5444265	0.8317402	0.5768737	0.3304975	0.1455337	0.05106317	0.02793223	

Column 27:  UpsAcc_25nt
    Bin      :	0	0.05	0.1	0.15	0.2	0.25	0.3	0.35	0.4	0.45	0.5	0.55	0.6	0.65	0.7	0.75	0.8	0.85	0.9	0.95	1	
    odd-ratio:	NA	1.116546	1.902031	1.402557	0.6490966	0.871843	0.6204302	0.4626678	1.337418	1.036837	1.887457	2.564289	2.373438	0.7684404	4.229525	1.594638	NA	NA	NA	NA	
    pvalue   :	0.8298065	0.2673075	0.03580396	0.09317487	0.9154366	0.6952845	0.983244	0.9994379	0.04900122	0.3809469	0.003441021	0.0002620004	0.00625676	0.4811968	0.0003592175	0.1330904	0.6812308	0.7183866	0.7786854	0.9430109	

Column 28:  UpAU_25nt
    Bin      :	0	0.05	0.1	0.15	0.2	0.25	0.3	0.35	0.4	0.45	0.5	0.55	0.6	0.65	0.7	0.75	0.8	0.85	0.9	0.95	1	
    odd-ratio:	NA	NA	NA	0.6368953	0.2428527	0.2428527	0.2961963	0.6165523	0.8174418	1.296073	2.088874	3.324973	2.990002	1.78989	2.941568	5.309271	NA	NA	NA	NA	
    pvalue   :	0.9999662	0.8148455	0.9793098	0.9033097	0.999999	0.999597	0.9996572	0.988999	0.7467553	0.08811395	0.0003279949	3.033448e-12	6.332386e-05	0.04072690	0.002203676	5.88705e-06	0.3556668	0.2479009	0.1020791	0.9753654	

Column 29:  DwsAcc_25nt
    Bin      :	0	0.05	0.1	0.15	0.2	0.25	0.3	0.35	0.4	0.45	0.5	0.55	0.6	0.65	0.7	0.75	0.8	0.85	0.9	0.95	1	
    odd-ratio:	NA	NA	NA	1.071661	0.2540523	0.6189244	0.8083784	0.4494904	1.375454	4.520682	1.099845	0.1647446	0.3486161	1.515630	NA	NA	NA	NA	NA	NA	
    pvalue   :	0.04160576	0.4321505	0.9290187	0.3354415	0.9998478	0.979414	0.8465329	0.9998266	0.03102660	9.447035e-21	0.3031506	0.9825671	0.7780416	0.1480279	0.4642754	0.17177	0.08408767	0.05374818	0.03615947	0.002828796	

Column 30:  DwAU_25nt
    Bin      :	0	0.05	0.1	0.15	0.2	0.25	0.3	0.35	0.4	0.45	0.5	0.55	0.6	0.65	0.7	0.75	0.8	0.85	0.9	0.95	1	
    odd-ratio:	NA	NA	NA	0.0680853	0.0680853	0.3287134	1.970459	0.7260243	1.321037	0.514052	2.211284	2.068981	2.832727	0.9134408	NA	NA	NA	NA	NA	NA	
    pvalue   :	0.3180323	0.678953	0.9433372	0.9999998	0.9999898	0.998744	0.0001612099	0.9558695	0.06999137	0.9862285	3.195681e-05	4.658531e-05	0.0001737995	0.4156461	0.8158999	0.805359	0.2174350	0.06970022	0.06175794	0.04024707	

Column 31:  UpsAcc_30nt
    Bin      :	0	0.05	0.1	0.15	0.2	0.25	0.3	0.35	0.4	0.45	0.5	0.55	0.6	0.65	0.7	0.75	0.8	0.85	0.9	0.95	1	
    odd-ratio:	NA	1.313119	2.103377	1.413877	0.4588552	0.7322864	0.769293	0.8519246	1.336490	0.5655487	1.361936	3.781924	3.910706	0.9053541	2.167566	NA	NA	NA	NA	NA	
    pvalue   :	0.8205713	0.1974907	0.02765535	0.1009135	0.9877276	0.8988513	0.8915837	0.7689698	0.04777428	0.9662873	0.09933552	2.128672e-07	1.405821e-05	0.3793826	0.05266081	0.6892987	0.6784955	0.7001679	0.7777362	0.9423525	

Column 32:  UpAU_30nt
    Bin      :	0	0.05	0.1	0.15	0.2	0.25	0.3	0.35	0.4	0.45	0.5	0.55	0.6	0.65	0.7	0.75	0.8	0.85	0.9	0.95	1	
    odd-ratio:	NA	NA	NA	0.7463542	0.1805583	0.1805583	0.377894	0.628988	0.7452908	2.165211	1.017086	3.028334	4.240168	1.653600	4.919932	2.907023	NA	NA	NA	NA	
    pvalue   :	0.9999531	0.8972671	0.9742026	0.7722067	0.9999903	0.9999995	0.9971492	0.9801517	0.82675	7.088818e-07	0.3992402	3.729403e-09	1.146950e-07	0.04724647	2.624259e-05	0.01372596	0.281276	0.2616416	0.04431741	0.974535	

Column 33:  DwsAcc_30nt
    Bin      :	0	0.05	0.1	0.15	0.2	0.25	0.3	0.35	0.4	0.45	0.5	0.55	0.6	0.65	0.7	0.75	0.8	0.85	0.9	0.95	1	
    odd-ratio:	NA	NA	NA	NA	1.027119	0.74971	0.4289723	0.7504306	1.704787	2.523369	2.0285	NA	NA	2.376588	NA	NA	NA	NA	NA	NA	
    pvalue   :	0.01824541	0.1926385	0.8263691	0.998438	0.3945373	0.8941995	0.9999535	0.926974	0.0006526087	1.469713e-07	0.001506065	0.9947611	0.8959348	0.05405973	0.2678990	0.09825366	0.1234536	0.02379244	0	0	

Column 34:  DwAU_30nt
    Bin      :	0	0.05	0.1	0.15	0.2	0.25	0.3	0.35	0.4	0.45	0.5	0.55	0.6	0.65	0.7	0.75	0.8	0.85	0.9	0.95	1	
    odd-ratio:	NA	NA	NA	0.2152748	NA	0.2152748	2.250971	0.7885069	1.486059	0.2798542	1.939581	3.943952	4.054835	NA	NA	NA	NA	NA	NA	NA	
    pvalue   :	0.1084190	0.8182505	0.9307285	0.999997	0.999977	0.9999997	1.226320e-05	0.8801775	0.02167868	0.9999994	0.001542570	9.697528e-15	4.189601e-07	0.9926751	0.6654184	0.639199	0.1418925	0.08148835	0.02655425	0.02102284	

Column 38:  SiteBegin
    Bin      :	0	0.05	0.1	0.15	0.2	0.25	0.3	0.35	0.4	0.45	0.5	0.55	0.6	0.65	0.7	0.75	0.8	0.85	0.9	0.95	1	
    odd-ratio:	0.04114679	0.756769	0.3764115	0.6685039	0.2910802	0.2064658	0.102725	1.269978	0.2074532	0.7375325	0.8879641	2.797037	0.4883121	1.217160	2.355155	4.638958	0.7360193	0.8347621	2.370758	1.166264	
    pvalue   :	1	0.7405005	0.9783084	0.8122895	0.9905776	0.9958655	0.9992366	0.1643236	0.9957145	0.7243432	0.5426087	3.804138e-06	0.936954	0.2001134	0.0001806078	8.599743e-14	0.726338	0.6138406	0.0001270611	0.2337289	

Column 35:  Gtotal
    Bin      :	-1000	-22	-21	-20	-19	-18	-17	-16	-15	-14	-13	-12	-11	-10	-9	-8	-7	-6	-5	-4	-3	-2	-1	0	1000	
    odd-ratio:	NA	NA	NA	NA	4.919621	5.109866	2.155379	3.865076	1.617094	2.364685	1.819266	1.243964	0.601138	1.331283	1.165966	1.577189	1.324532	0.7596058	1.651462	0.7460221	1.240484	0.7285415	0.992917	0.617054	
    pvalue   :	0.1949247	0.1058884	0.1658785	0.2532157	0.008428814	0.003206039	0.06806251	0.002296905	0.1187116	0.01595618	0.05238856	0.219492	0.730114	0.1568483	0.2554902	0.05012998	0.1397003	0.6950884	0.02660577	0.7131222	0.1835219	0.7361674	0.4208356	0.9996371	

Column 36:  Gnucl
    Bin      :	-1000	-10	-9.5	-9	-8.5	-8	-7.5	-7	-6.5	-6	-5.5	-5	-4.5	-4	-3.5	-3	-2.5	-2	-1.5	-1	-0.5	0	1000	
    odd-ratio:	NA	NA	NA	NA	4.600579	NA	0.5534883	0.2656983	0.9017775	0.7709508	1.232257	0.7911657	1.346793	0.3882545	1.113970	0.207917	1.257107	1.237435	1.984083	3.013123	0.405553	NA	
    pvalue   :	0.007057064	0.06175794	0.05374818	0.3043499	0.01008662	0.8568293	0.6969884	0.8871594	0.4547006	0.5893003	0.2157790	0.6010737	0.1424102	0.9460012	0.2955509	0.9956422	0.1671848	0.1665599	0.0004233136	1.116775e-11	1	0	

Column 3:  Ghybrid
    Bin      :	-1000	-25	-24	-23	-22	-21	-20	-19	-18	-17	-16	-15	1000	
    odd-ratio:	0.6563949	0.4795775	0.8173424	0.6213024	0.9611549	0.8992786	1.082482	1.621964	1.711958	2.1417	1.475092	1.026864	
    pvalue   :	0.9857633	0.973696	0.719016	0.9388345	0.5055905	0.611523	0.3139782	0.01131110	0.009720145	0.000970539	0.08062907	0.3891747	

