Size of positive set is 168912; size of negative set is 59613024

Column 39:  site_conser
    Bin      :	0	0.1	0.2	0.3	0.4	0.5	0.6	0.7	0.8	0.9	1	
    odd-ratio:	0.2929446	0.6421146	0.8759975	1.080874	1.403814	1.362047	1.452871	1.512586	1.924840	4.059204	

Column 8:  region12_17
    Bin      :	0	1	
    odd-ratio:	0.9197235	1.087283	
    pvalue   :	1	5.583566e-39	

Column 9:  SiteAcc
    Bin      :	0	0.05	0.1	0.15	0.2	0.25	0.3	0.35	0.4	0.45	0.5	0.55	0.6	0.65	0.7	0.75	0.8	0.85	0.9	0.95	1	
    odd-ratio:	0.9285276	0.9651025	0.9775403	0.9334099	0.8801095	0.8315003	0.8781041	0.9664113	1.024808	1.080949	1.205674	1.43496	1.591835	1.918615	1.788845	2.055046	1.583110	1.417410	1.368949	1.755154	
    pvalue   :	0.9561748	0.8925287	0.9092599	1	1	1	1	1	0.0001935305	1.062410e-22	7.746749e-81	9.433655e-182	2.414139e-165	3.228797e-181	1.172129e-67	5.000326e-57	1.054824e-11	0.0001442340	0.006076611	4.041187e-05	

Column 11:  UpsAcc_5nt
    Bin      :	0	0.05	0.1	0.15	0.2	0.25	0.3	0.35	0.4	0.45	0.5	0.55	0.6	0.65	0.7	0.75	0.8	0.85	0.9	0.95	1	
    odd-ratio:	0.66345	0.792722	0.7470913	0.7142053	0.7851997	0.868913	0.9236658	0.9507436	0.9757123	1.140603	1.206143	1.102812	1.095249	1.355775	1.360993	1.286070	1.336714	1.623840	1.767405	1.590214	
    pvalue   :	1	1	1	1	1	1	1	1	0.9974512	1.750956e-41	2.403363e-75	1.613710e-21	4.705990e-17	7.49898e-143	8.25431e-129	1.887342e-83	1.178113e-90	4.88772e-188	1.228616e-231	2.612972e-152	

Column 12:  UpAU_5nt
    Bin      :	0	0.05	0.1	0.15	0.2	0.25	0.3	0.35	0.4	0.45	0.5	0.55	0.6	0.65	0.7	0.75	0.8	0.85	0.9	0.95	1	
    odd-ratio:	0.7372149	NA	NA	0.4764773	NA	NA	NA	0.6575663	NA	NA	NA	1.059047	NA	NA	NA	1.622528	NA	NA	NA	1.745988	
    pvalue   :	1	0	0	1	0	0	0	1	0	0	0	3.810265e-29	0	0	0	0	0	0	0	0	

Column 13:  DwsAcc_5nt
    Bin      :	0	0.05	0.1	0.15	0.2	0.25	0.3	0.35	0.4	0.45	0.5	0.55	0.6	0.65	0.7	0.75	0.8	0.85	0.9	0.95	1	
    odd-ratio:	0.852625	1.034412	0.961802	0.9410912	0.9186138	0.937661	1.029750	0.9845353	0.9912205	1.105689	1.154526	1.094302	1.077193	1.006174	1.089544	1.051630	1.024879	1.175411	1.066517	0.782616	
    pvalue   :	1	0.00275122	0.9988216	1	1	1	0.0009435284	0.9573381	0.8423154	3.896595e-24	7.629265e-43	6.101232e-18	2.292364e-11	0.3222482	8.873724e-10	0.0002358185	0.06766435	7.182353e-17	0.001652563	1	

Column 14:  DwAU_5nt
    Bin      :	0	0.05	0.1	0.15	0.2	0.25	0.3	0.35	0.4	0.45	0.5	0.55	0.6	0.65	0.7	0.75	0.8	0.85	0.9	0.95	1	
    odd-ratio:	1.001524	NA	NA	0.8641572	NA	NA	NA	0.9139976	NA	NA	NA	1.070703	NA	NA	NA	1.179352	NA	NA	NA	0.9172226	
    pvalue   :	0.4643126	0	0	1	0	0	0	1	0	0	0	1.003772e-39	0	0	0	8.381849e-152	0	0	0	1	

Column 15:  UpsAcc_10nt
    Bin      :	0	0.05	0.1	0.15	0.2	0.25	0.3	0.35	0.4	0.45	0.5	0.55	0.6	0.65	0.7	0.75	0.8	0.85	0.9	0.95	1	
    odd-ratio:	0.4728117	0.6539167	0.589149	0.6599747	0.6847811	0.7650758	0.8106143	0.9210773	1.013833	1.152484	1.162805	1.343972	1.359426	1.488557	1.667638	1.704015	1.900382	1.711227	2.93621	3.562854	
    pvalue   :	1	1	1	1	1	1	1	1	0.03726473	9.070227e-69	1.050668e-67	1.100954e-211	8.340178e-178	3.112513e-224	1.000905e-270	2.010981e-209	6.33888e-202	5.400141e-91	1.476713e-319	0	

Column 16:  UpAU_10nt
    Bin      :	0	0.05	0.1	0.15	0.2	0.25	0.3	0.35	0.4	0.45	0.5	0.55	0.6	0.65	0.7	0.75	0.8	0.85	0.9	0.95	1	
    odd-ratio:	0.2788408	0.4218139	NA	0.3973963	NA	0.4152242	NA	0.5281187	NA	0.7949593	NA	1.098155	NA	1.605359	NA	1.886184	NA	2.049617	NA	1.746559	
    pvalue   :	1	1	0	1	0	1	0	1	0	1	0	3.364469e-56	0	0	0	0	0	0	0	2.375593e-155	

Column 17:  DwsAcc_10nt
    Bin      :	0	0.05	0.1	0.15	0.2	0.25	0.3	0.35	0.4	0.45	0.5	0.55	0.6	0.65	0.7	0.75	0.8	0.85	0.9	0.95	1	
    odd-ratio:	0.756461	0.7101778	0.7923791	0.8933885	0.9181982	0.9328277	0.9643511	1.035616	1.065891	1.082634	1.118674	1.102337	1.140206	1.076212	1.122891	1.010153	0.9925056	1.065115	0.897124	0.794504	
    pvalue   :	1	1	1	1	1	1	0.999999	3.063419e-06	3.328701e-17	7.606594e-22	2.365135e-36	1.926973e-21	4.527084e-29	1.460256e-07	1.258633e-11	0.3151999	0.6001182	0.02618822	0.9935666	0.9999998	

Column 18:  DwAU_10nt
    Bin      :	0	0.05	0.1	0.15	0.2	0.25	0.3	0.35	0.4	0.45	0.5	0.55	0.6	0.65	0.7	0.75	0.8	0.85	0.9	0.95	1	
    odd-ratio:	1.061684	1.127345	NA	0.8652218	NA	0.818605	NA	0.8242236	NA	1.009583	NA	1.146909	NA	1.226280	NA	1.147908	NA	0.8041905	NA	0.5622176	
    pvalue   :	0.2404841	4.760131e-05	0	1	0	1	0	1	0	0.04974269	0	2.876731e-116	0	8.033497e-194	0	9.73852e-52	0	1	0	1	

Column 19:  UpsAcc_15nt
    Bin      :	0	0.05	0.1	0.15	0.2	0.25	0.3	0.35	0.4	0.45	0.5	0.55	0.6	0.65	0.7	0.75	0.8	0.85	0.9	0.95	1	
    odd-ratio:	0.4991398	0.438207	0.4484584	0.5819692	0.6466015	0.6610758	0.78921	0.9073148	1.005603	1.168649	1.242173	1.469091	1.679581	1.867345	2.099566	2.065757	1.840918	2.157097	3.990224	5.573901	
    pvalue   :	1	1	1	1	1	1	1	1	0.2177999	9.783713e-97	1.881365e-149	0	0	0	0	5.272338e-221	5.161299e-84	6.2248e-86	1.975401e-248	2.051426e-274	

Column 20:  UpAU_15nt
    Bin      :	0	0.05	0.1	0.15	0.2	0.25	0.3	0.35	0.4	0.45	0.5	0.55	0.6	0.65	0.7	0.75	0.8	0.85	0.9	0.95	1	
    odd-ratio:	NA	0.03658436	0.1656726	0.315004	NA	0.3838765	0.4211598	0.4698773	NA	0.6255713	0.849857	1.219212	NA	1.492426	1.861036	2.199035	NA	2.140222	1.781609	2.189773	
    pvalue   :	1	1	1	1	0	1	1	1	0	1	1	5.07827e-200	0	0	0	0	0	0	9.254331e-150	2.637676e-90	

Column 21:  DwsAcc_15nt
    Bin      :	0	0.05	0.1	0.15	0.2	0.25	0.3	0.35	0.4	0.45	0.5	0.55	0.6	0.65	0.7	0.75	0.8	0.85	0.9	0.95	1	
    odd-ratio:	0.7580179	0.6261156	0.7024733	0.8692804	0.8513429	0.8621425	0.941019	1.010766	1.064058	1.135035	1.164834	1.166167	1.060213	1.06183	1.256086	1.390281	1.125732	1.140130	0.8668983	0.6384551	
    pvalue   :	1	1	1	1	1	1	1	0.06377022	1.492333e-18	2.198664e-62	5.189346e-70	2.619996e-49	5.919113e-06	0.0002281707	2.774403e-27	5.210219e-34	0.0007264478	0.002092722	0.9907383	1	

Column 22:  DwAU_15nt
    Bin      :	0	0.05	0.1	0.15	0.2	0.25	0.3	0.35	0.4	0.45	0.5	0.55	0.6	0.65	0.7	0.75	0.8	0.85	0.9	0.95	1	
    odd-ratio:	0.05518183	1.460647	0.8848418	0.9264664	NA	0.7774242	0.7144007	0.819663	NA	0.9072083	1.016210	1.183321	NA	1.379978	1.225923	1.065596	NA	0.8671207	0.5554837	0.3530038	
    pvalue   :	0.9999997	2.840617e-05	0.9928435	0.999553	0	1	1	1	0	1	0.006636815	3.145766e-138	0	0	1.293101e-113	6.778441e-08	0	1	1	1	

Column 23:  UpsAcc_20nt
    Bin      :	0	0.05	0.1	0.15	0.2	0.25	0.3	0.35	0.4	0.45	0.5	0.55	0.6	0.65	0.7	0.75	0.8	0.85	0.9	0.95	1	
    odd-ratio:	0.6717779	0.2496486	0.4809516	0.6106762	0.5775388	0.6418117	0.7416103	0.8716304	0.981295	1.185756	1.425203	1.690475	1.746987	2.278338	1.895298	2.273116	2.379392	3.207223	6.055877	4.350023	
    pvalue   :	0.9998167	1	1	1	1	1	1	1	0.9970255	7.493517e-124	0	0	0	0	7.097025e-180	4.020938e-173	2.101775e-104	2.140390e-118	2.846565e-257	2.04079e-78	

Column 24:  UpAU_20nt
    Bin      :	0	0.05	0.1	0.15	0.2	0.25	0.3	0.35	0.4	0.45	0.5	0.55	0.6	0.65	0.7	0.75	0.8	0.85	0.9	0.95	1	
    odd-ratio:	NA	0.1681538	0.2138759	0.1696443	0.3391626	0.4091449	0.4104597	0.4667618	0.5933038	0.6756918	0.9534422	1.195257	1.566282	1.780601	2.006745	2.141440	2.152142	2.066215	1.938183	2.928454	
    pvalue   :	1	1	1	1	1	1	1	1	1	1	1	2.073262e-131	0	0	0	0	0	5.014428e-226	1.219757e-64	1.435585e-65	

Column 25:  DwsAcc_20nt
    Bin      :	0	0.05	0.1	0.15	0.2	0.25	0.3	0.35	0.4	0.45	0.5	0.55	0.6	0.65	0.7	0.75	0.8	0.85	0.9	0.95	1	
    odd-ratio:	0.8634749	0.7212634	0.7201584	0.719991	0.8057156	0.8711102	0.8628899	0.9890825	1.114355	1.153698	1.186768	1.150397	1.198151	1.171777	1.243061	1.311172	1.377020	1.181798	0.9632577	0.622474	
    pvalue   :	0.9236033	1	1	1	1	1	1	0.9506577	2.691372e-59	1.074693e-84	2.348324e-87	1.503273e-37	1.575405e-36	2.323850e-16	5.747649e-17	1.68026e-15	6.334151e-14	0.001086281	0.7030182	1	

Column 26:  DwAU_20nt
    Bin      :	0	0.05	0.1	0.15	0.2	0.25	0.3	0.35	0.4	0.45	0.5	0.55	0.6	0.65	0.7	0.75	0.8	0.85	0.9	0.95	1	
    odd-ratio:	NA	1.498269	1.056857	0.6803165	0.8719394	0.7295826	0.6852551	0.7006664	0.8775118	0.9744114	1.020042	1.265139	1.363461	1.369054	1.210343	0.9580692	0.9897356	0.8308513	0.3717029	0.42365	
    pvalue   :	1	0.0001343512	0.1861289	1	1	1	1	1	1	0.9998796	0.002940628	2.413137e-226	0	1.185076e-265	3.25122e-66	0.9977405	0.691647	1	1	1	

Column 27:  UpsAcc_25nt
    Bin      :	0	0.05	0.1	0.15	0.2	0.25	0.3	0.35	0.4	0.45	0.5	0.55	0.6	0.65	0.7	0.75	0.8	0.85	0.9	0.95	1	
    odd-ratio:	0.6649535	0.3795879	0.4904646	0.5476586	0.6090362	0.6093367	0.6784202	0.8492897	1.034408	1.316309	1.480676	1.802663	1.884413	1.75563	2.353574	3.045828	2.737009	3.031351	5.747082	2.484560	
    pvalue   :	0.9919183	1	1	1	1	1	1	1	9.772733e-08	0	0	0	0	2.911827e-183	5.723335e-246	1.102539e-243	8.903415e-87	1.185527e-57	2.955183e-123	3.549013e-14	

Column 28:  UpAU_25nt
    Bin      :	0	0.05	0.1	0.15	0.2	0.25	0.3	0.35	0.4	0.45	0.5	0.55	0.6	0.65	0.7	0.75	0.8	0.85	0.9	0.95	1	
    odd-ratio:	NA	NA	0.2283986	0.2686793	0.3162177	0.3762463	0.3800509	0.4759354	0.5390359	0.607758	0.7956419	1.140005	1.498013	1.736488	1.833140	2.207535	2.250329	1.667921	2.355323	2.264204	
    pvalue   :	0.9976074	0.9999992	1	1	1	1	1	1	1	1	1	2.174278e-108	0	0	0	0	0	1.213774e-82	5.273939e-120	7.7711e-49	

Column 29:  DwsAcc_25nt
    Bin      :	0	0.05	0.1	0.15	0.2	0.25	0.3	0.35	0.4	0.45	0.5	0.55	0.6	0.65	0.7	0.75	0.8	0.85	0.9	0.95	1	
    odd-ratio:	1.228782	0.7426848	0.7922583	0.609921	0.767025	0.8033376	0.868348	0.9837946	1.069978	1.249590	1.186110	1.138110	1.337225	1.178807	1.511234	1.624754	1.106389	1.335601	1.186147	0.5709265	
    pvalue   :	0.04670691	0.9999977	1	1	1	1	1	0.9947771	9.818013e-26	1.236125e-217	4.651908e-84	1.496320e-28	8.540098e-80	1.363668e-13	8.438658e-48	2.641063e-39	0.02367726	7.386469e-08	0.002313152	1	

Column 30:  DwAU_25nt
    Bin      :	0	0.05	0.1	0.15	0.2	0.25	0.3	0.35	0.4	0.45	0.5	0.55	0.6	0.65	0.7	0.75	0.8	0.85	0.9	0.95	1	
    odd-ratio:	NA	NA	1.015611	0.9143565	0.7640816	0.7627619	0.580615	0.6758953	0.7919126	0.8662692	1.010426	1.201325	1.396516	1.487630	1.270240	1.103199	1.042909	0.8854072	0.4312936	0.3733184	
    pvalue   :	0.9942317	0.999999	0.4195496	0.9748742	1	1	1	1	1	1	0.08504046	7.166485e-211	0	0	6.231382e-106	1.408126e-20	0.02783357	0.9999308	1	1	

Column 31:  UpsAcc_30nt
    Bin      :	0	0.05	0.1	0.15	0.2	0.25	0.3	0.35	0.4	0.45	0.5	0.55	0.6	0.65	0.7	0.75	0.8	0.85	0.9	0.95	1	
    odd-ratio:	NA	0.600299	0.4793726	0.5998652	0.538186	0.599427	0.672527	0.8124274	1.081721	1.356940	1.663171	1.731278	1.698215	2.312162	2.254229	3.303781	3.174915	4.698347	1.771902	3.302229	
    pvalue   :	1	0.9999991	1	1	1	1	1	1	1.872054e-36	0	0	0	1.106786e-254	0	2.101729e-149	7.664623e-192	6.314241e-80	9.422046e-97	1.334252e-05	8.884887e-19	

Column 32:  UpAU_30nt
    Bin      :	0	0.05	0.1	0.15	0.2	0.25	0.3	0.35	0.4	0.45	0.5	0.55	0.6	0.65	0.7	0.75	0.8	0.85	0.9	0.95	1	
    odd-ratio:	NA	NA	0.1526764	0.4730103	0.3742485	0.3635036	0.4405905	0.5068171	0.5009576	0.6010541	0.9680188	1.185560	1.364917	1.754484	2.127145	2.183632	2.128441	1.540188	3.461134	2.536573	
    pvalue   :	0.7836265	1	1	1	1	1	1	1	1	1	0.9999593	1.854803e-162	1.185958e-267	0	0	0	0	8.124458e-67	1.41223e-120	9.394317e-26	

Column 33:  DwsAcc_30nt
    Bin      :	0	0.05	0.1	0.15	0.2	0.25	0.3	0.35	0.4	0.45	0.5	0.55	0.6	0.65	0.7	0.75	0.8	0.85	0.9	0.95	1	
    odd-ratio:	1.655416	0.5456662	0.521939	0.6580363	0.752816	0.7743188	0.8196467	0.9372526	1.093442	1.241593	1.311613	1.238195	1.358254	1.418727	1.829318	1.241043	1.114046	1.058304	1.137801	0.6361581	
    pvalue   :	0.0008978705	1	1	1	1	1	1	1	4.322796e-46	1.761550e-208	8.5909e-212	1.263977e-69	2.733063e-74	1.706182e-49	3.561121e-90	4.293698e-07	0.02075492	0.1598701	0.01205651	1	

Column 34:  DwAU_30nt
    Bin      :	0	0.05	0.1	0.15	0.2	0.25	0.3	0.35	0.4	0.45	0.5	0.55	0.6	0.65	0.7	0.75	0.8	0.85	0.9	0.95	1	
    odd-ratio:	NA	NA	0.1831034	0.9423167	0.9581719	0.6631323	0.5284422	0.6634792	0.7109681	0.8310675	1.044957	1.261736	1.444286	1.468234	1.299637	1.122551	0.8995329	0.9438774	0.5395374	0.3702408	
    pvalue   :	0.6900685	0.9999998	0.9999998	0.8278426	0.8309928	1	1	1	1	1	3.096959e-08	5.095975e-304	0	0	6.112631e-97	3.756721e-22	0.9999816	0.9853642	1	1	

Column 38:  SiteBegin
    Bin      :	0	0.05	0.1	0.15	0.2	0.25	0.3	0.35	0.4	0.45	0.5	0.55	0.6	0.65	0.7	0.75	0.8	0.85	0.9	0.95	1	
    odd-ratio:	1.275577	1.259064	0.9638943	1.184641	0.9198342	0.9430233	0.9828699	0.7872803	1.202773	0.9027792	0.8847372	0.5703914	0.9159684	0.7079828	0.8462864	0.8069454	0.9147787	1.069296	1.499612	1.983191	
    pvalue   :	2.567580e-137	5.090949e-115	0.999568	7.775775e-60	1	1	0.941668	1	1.176396e-70	1	1	1	1	1	1	1	1	1.088922e-09	0	0	

Column 35:  Gtotal
    Bin      :	-1000	-22	-21	-20	-19	-18	-17	-16	-15	-14	-13	-12	-11	-10	-9	-8	-7	-6	-5	-4	-3	-2	-1	0	1000	
    odd-ratio:	1.637117	1.333986	0.8334553	1.495743	1.629712	1.523169	1.656673	1.593083	1.649919	1.740131	1.725853	1.742421	1.662298	1.607816	1.547828	1.459191	1.398434	1.319079	1.251839	1.169822	1.088507	1.032986	0.9706163	0.5293865	
    pvalue   :	0.001944754	0.07898827	0.7782477	0.0004109718	2.019153e-08	4.517331e-10	1.707941e-23	8.501515e-33	1.798148e-60	1.096426e-115	3.632632e-164	4.891354e-240	3.822485e-263	4.614817e-289	3.966422e-293	6.808916e-250	1.495923e-218	8.264382e-159	8.855821e-109	3.442204e-54	7.904917e-17	0.0009501719	0.997083	1	

Column 36:  Gnucl
    Bin      :	-1000	-10	-9.5	-9	-8.5	-8	-7.5	-7	-6.5	-6	-5.5	-5	-4.5	-4	-3.5	-3	-2.5	-2	-1.5	-1	-0.5	0	1000	
    odd-ratio:	NA	0.6747695	1.550422	0.689505	1.314265	1.114763	1.116258	1.195649	1.134729	1.137822	1.115953	1.10381	1.116174	1.066173	1.110021	1.040366	1.073786	1.138433	1.078681	1.035204	0.8445395	NA	
    pvalue   :	0.4754004	0.9546998	0.002666607	0.9999548	3.254661e-05	0.00455752	0.0003621582	1.145011e-11	2.730975e-09	1.055650e-11	9.47695e-12	3.787333e-11	4.35967e-15	9.607141e-07	3.835366e-17	0.0004923737	7.723723e-11	7.755542e-39	1.438496e-17	2.067475e-06	1	0	

Column 3:  Ghybrid
    Bin      :	-1000	-25	-24	-23	-22	-21	-20	-19	-18	-17	-16	-15	1000	
    odd-ratio:	0.5722126	0.6442366	0.6920744	0.7540676	0.8015533	0.8637907	0.9136743	0.9678893	1.025245	1.121356	1.210416	0.9846426	
    pvalue   :	1	1	1	1	1	1	1	0.9999876	0.0001349947	1.555352e-77	4.163844e-244	0.9378915	

