Size of positive set is 8251; size of negative set is 1351376

Column 39:  site_conser
    Bin      :	0	0.1	0.2	0.3	0.4	0.5	0.6	0.7	0.8	0.9	1	
    odd-ratio:	0.2812076	0.2381291	0.3374656	0.4044537	0.3749099	0.3768773	0.4840892	0.5035964	0.7061587	2.775111	
Column 40:  seed_conser
    Bin      :	0	0.1	0.2	0.3	0.4	0.5	0.6	0.7	0.8	0.9	1	
    odd-ratio:	0.3121577	0.448314	0.476279	0.3365284	0.6776493	0.3828487	0.4134102	0.4793947	0.7444025	2.586640	
Column 41:  offseed_conser
    Bin      :	0	0.1	0.2	0.3	0.4	0.5	0.6	0.7	0.8	0.9	1	
    odd-ratio:	0.2752005	0.2681577	0.2828747	0.4019964	0.4269664	0.5232151	0.4521692	0.4375663	0.6607302	2.873397	

Column 6:  Seed_kind
    Bin      :	6mer	7mer-A1	7mer-m8	8mer	offset-6mer	
    odd-ratio:	0.8844504	1.656859	1.545580	3.332765	0.5154307	
    pvalue   :	0.9999998	7.408089e-47	1.010163e-48	3.477812e-191	1	

Column 6*8:  Seed_kind*region12_17
    Bin      :	6mer@0	6mer@1	7mer-A1@0	7mer-A1@1	7mer-m8@0	7mer-m8@1	8mer@0	8mer@1	offset-6mer@0	offset-6mer@1	
    odd-ratio:	0.8377496	1.220946	1.649475	1.554788	1.455610	1.926038	3.087306	4.38821	0.5103161	0.8444946	
    pvalue   :	1	0.0001144035	4.802736e-41	8.941087e-07	1.176559e-32	1.247301e-19	2.931647e-143	3.186598e-51	1	0.9993047	

Column 8:  region12_17
    Bin      :	0	1	
    odd-ratio:	0.7460491	1.340394	
    pvalue   :	1	9.487356e-21	

Column 9:  SiteAcc
    Bin      :	0	0.05	0.1	0.15	0.2	0.25	0.3	0.35	0.4	0.45	0.5	0.55	0.6	0.65	0.7	0.75	0.8	0.85	0.9	0.95	1	
    odd-ratio:	0.2440563	0.7625098	0.7439806	0.8948967	0.7058884	0.6226233	0.8100105	0.8810147	1.052562	1.249596	1.554862	2.030388	2.046638	1.909913	1.759073	2.360793	1.951185	2.900662	0.7950397	1.213235	
    pvalue   :	0.9981219	0.8896742	0.9964066	0.9572916	1	1	1	0.9999933	0.04109347	1.526102e-11	6.593316e-28	1.185215e-44	3.139607e-24	2.780667e-10	0.0001080475	1.500645e-05	0.01091193	0.002292327	0.3578668	0.200142	

Column 10:  SeedAcc
    Bin      :	0	0.05	0.1	0.15	0.2	0.25	0.3	0.35	0.4	0.45	0.5	0.55	0.6	0.65	0.7	0.75	0.8	0.85	0.9	0.95	1	
    odd-ratio:	0.8918119	0.5884477	0.7836241	0.6996321	0.9229334	0.8845191	0.8783825	1.110200	0.9290021	1.199235	0.9719883	1.289122	1.499469	1.328726	1.347654	1.462418	1.263907	2.155392	1.387487	1.145375	
    pvalue   :	0.9895767	1	0.9999664	1	0.9746779	0.998556	0.9997754	0.002437826	0.955436	3.268726e-06	0.7231454	6.85138e-08	8.703835e-16	1.574944e-07	9.940977e-06	9.390292e-07	0.004224153	1.629245e-14	0.009011739	0.1775021	

Column 11:  UpsAcc_5nt
    Bin      :	0	0.05	0.1	0.15	0.2	0.25	0.3	0.35	0.4	0.45	0.5	0.55	0.6	0.65	0.7	0.75	0.8	0.85	0.9	0.95	1	
    odd-ratio:	0.692392	0.9227843	0.8277322	0.8731752	0.88176	0.9434365	0.8763452	1.022613	0.9967093	1.082965	1.045854	1.191708	1.224320	1.070103	1.248194	1.10423	1.199075	1.587740	1.265790	0.9943204	
    pvalue   :	1	0.8998868	0.9983388	0.9949395	0.999704	0.9072848	0.9979002	0.2817508	0.5236612	0.03643407	0.1691174	4.969972e-05	1.075697e-05	0.1150869	7.998896e-05	0.04763912	0.003163332	5.178615e-10	0.003232425	0.5008166	

Column 12:  UpAU_5nt
    Bin      :	0	0.05	0.1	0.15	0.2	0.25	0.3	0.35	0.4	0.45	0.5	0.55	0.6	0.65	0.7	0.75	0.8	0.85	0.9	0.95	1	
    odd-ratio:	0.5244189	NA	NA	0.5643222	NA	NA	NA	0.7927056	NA	NA	NA	1.266946	NA	NA	NA	1.564873	NA	NA	NA	1.70862	
    pvalue   :	1	0	0	1	0.006068576	0	0	1	0	0.1918842	0	7.740696e-25	0	0.3059643	0.1669102	1.348635e-51	0	0	0	2.682128e-17	

Column 13:  DwsAcc_5nt
    Bin      :	0	0.05	0.1	0.15	0.2	0.25	0.3	0.35	0.4	0.45	0.5	0.55	0.6	0.65	0.7	0.75	0.8	0.85	0.9	0.95	1	
    odd-ratio:	0.8815315	0.7466378	1.024552	0.9467276	0.806292	1.033701	0.9763114	0.9641454	0.9081416	1.147565	1.403317	1.150419	0.8495217	1.207787	1.131893	0.932866	1.165045	1.163893	1.266157	1.432289	
    pvalue   :	0.9981786	0.999998	0.3231819	0.8625019	1	0.2032411	0.7004178	0.8085665	0.9913213	0.000967617	2.040359e-14	0.001191329	0.9981727	0.0005957717	0.02533079	0.838968	0.01719433	0.04576923	0.007620371	4.193671e-05	

Column 14:  DwAU_5nt
    Bin      :	0	0.05	0.1	0.15	0.2	0.25	0.3	0.35	0.4	0.45	0.5	0.55	0.6	0.65	0.7	0.75	0.8	0.85	0.9	0.95	1	
    odd-ratio:	0.3095155	NA	NA	0.6747351	NA	NA	NA	0.8782809	NA	NA	NA	1.312804	NA	NA	NA	1.452912	NA	NA	NA	1.690077	
    pvalue   :	1	0	0	1	0	0	0	1	0	0	0	5.007231e-31	0	0	0	3.789983e-29	0	0	0	3.480491e-12	

Column 15:  UpsAcc_10nt
    Bin      :	0	0.05	0.1	0.15	0.2	0.25	0.3	0.35	0.4	0.45	0.5	0.55	0.6	0.65	0.7	0.75	0.8	0.85	0.9	0.95	1	
    odd-ratio:	0.7659716	1.032698	0.6850134	0.7456446	0.8403997	0.8269655	0.859422	0.938917	1.021922	1.191319	1.242811	1.189819	1.369316	1.087838	1.059326	1.336928	1.485579	1.131885	0.9389394	1.676016	
    pvalue   :	0.9874753	0.3490412	1	1	0.999991	0.9999987	0.9999864	0.958168	0.2594057	6.377278e-07	5.974828e-09	3.90397e-05	2.652763e-11	0.07962301	0.2102064	0.0002340352	7.513367e-05	0.1692180	0.5736198	0.005265732	

Column 16:  UpAU_10nt
    Bin      :	0	0.05	0.1	0.15	0.2	0.25	0.3	0.35	0.4	0.45	0.5	0.55	0.6	0.65	0.7	0.75	0.8	0.85	0.9	0.95	1	
    odd-ratio:	0.183248	0.4472531	NA	0.388622	NA	0.5485193	NA	0.7872017	NA	1.023020	NA	1.307554	NA	1.563907	NA	2.184137	NA	1.616712	NA	1.415807	
    pvalue   :	0.9999283	1	0	1	0.1306449	1	0.1253369	1	0.1567059	0.1827355	0	1.716308e-23	0.08168914	3.746217e-41	0.2208669	4.555057e-61	0.01809548	1.624678e-06	0	0.09674994	

Column 17:  DwsAcc_10nt
    Bin      :	0	0.05	0.1	0.15	0.2	0.25	0.3	0.35	0.4	0.45	0.5	0.55	0.6	0.65	0.7	0.75	0.8	0.85	0.9	0.95	1	
    odd-ratio:	0.8505909	1.158744	0.7802333	0.9499725	0.7687954	0.9533972	0.9902277	0.9248758	1.005463	1.045331	1.114155	1.120971	0.9985844	1.410437	1.083760	1.345355	1.667991	1.246676	1.425929	4.812086	
    pvalue   :	0.9197163	0.04978049	0.9999955	0.838935	1	0.8940285	0.6059137	0.9843026	0.4293491	0.1161808	0.003424845	0.006420096	0.4957868	6.465302e-09	0.1506574	0.0006199518	3.518603e-06	0.06771111	0.04019663	3.067386e-19	

Column 18:  DwAU_10nt
    Bin      :	0	0.05	0.1	0.15	0.2	0.25	0.3	0.35	0.4	0.45	0.5	0.55	0.6	0.65	0.7	0.75	0.8	0.85	0.9	0.95	1	
    odd-ratio:	NA	0.2382180	NA	0.3985962	NA	0.6126751	NA	0.8475748	NA	1.157430	NA	1.496219	NA	1.439355	NA	1.547146	NA	1.397374	NA	5.789664	
    pvalue   :	0.9999999	1	0	1	0	1	0	1	0	3.09395e-09	0	7.960446e-49	0	1.528029e-22	0	7.393968e-13	0	0.00671108	0	1.819205e-12	

Column 19:  UpsAcc_15nt
    Bin      :	0	0.05	0.1	0.15	0.2	0.25	0.3	0.35	0.4	0.45	0.5	0.55	0.6	0.65	0.7	0.75	0.8	0.85	0.9	0.95	1	
    odd-ratio:	0.4999989	0.6472082	0.8626629	0.595188	0.7304054	0.8103928	0.8576734	1.035432	1.085443	1.139212	1.179553	1.208635	1.225342	1.479833	1.231916	1.466609	1.383289	0.996242	1.294063	2.104227	
    pvalue   :	0.9776257	0.998802	0.9633106	1	1	1	0.9999967	0.1325757	0.004875585	5.190766e-05	5.653643e-06	1.11889e-05	0.0001014084	1.651389e-09	0.01066640	0.0004899425	0.02259315	0.4376826	0.1587601	0.01636347	

Column 20:  UpAU_15nt
    Bin      :	0	0.05	0.1	0.15	0.2	0.25	0.3	0.35	0.4	0.45	0.5	0.55	0.6	0.65	0.7	0.75	0.8	0.85	0.9	0.95	1	
    odd-ratio:	NA	0.3961947	0.2779981	0.2505647	NA	0.4823056	0.5365421	0.7264655	NA	0.942305	1.142567	1.377401	NA	1.712288	2.079363	2.027440	NA	2.437071	0.9162296	NA	
    pvalue   :	0.9661258	0.9963255	1	1	0.1719660	1	1	1	0.2349661	0.9815865	1.296407e-06	2.136587e-25	0.1463766	2.113395e-49	4.503625e-52	2.87964e-20	0.01809548	2.99325e-11	0.4419999	0.736361	

Column 21:  DwsAcc_15nt
    Bin      :	0	0.05	0.1	0.15	0.2	0.25	0.3	0.35	0.4	0.45	0.5	0.55	0.6	0.65	0.7	0.75	0.8	0.85	0.9	0.95	1	
    odd-ratio:	0.6778012	0.7967759	0.7515382	0.859223	0.9747449	0.9144488	0.856192	0.9418386	0.8969504	1.008231	1.192725	1.381779	1.335647	1.249166	1.399423	1.250836	3.020873	1.594082	5.806051	NA	
    pvalue   :	0.8680691	0.9556595	0.999766	0.9964115	0.7281055	0.9937655	0.9999983	0.9678698	0.9993865	0.3996767	2.65448e-06	2.216361e-13	2.027624e-07	0.001570827	0.0003132383	0.04738677	2.565381e-14	0.02539168	1.712293e-12	0.9022738	

Column 22:  DwAU_15nt
    Bin      :	0	0.05	0.1	0.15	0.2	0.25	0.3	0.35	0.4	0.45	0.5	0.55	0.6	0.65	0.7	0.75	0.8	0.85	0.9	0.95	1	
    odd-ratio:	NA	NA	0.2880280	0.4151702	NA	0.5490551	0.5475035	0.8120043	NA	0.9928867	1.395066	1.515615	NA	1.589987	1.200977	1.749508	NA	1.066107	2.927037	NA	
    pvalue   :	0.9365752	1	1	1	0	1	1	1	0	0.5948366	1.357425e-33	3.842371e-39	0	2.992739e-30	0.002587254	2.872849e-09	0	0.3360016	0.0008845233	0.2016629	

Column 23:  UpsAcc_20nt
    Bin      :	0	0.05	0.1	0.15	0.2	0.25	0.3	0.35	0.4	0.45	0.5	0.55	0.6	0.65	0.7	0.75	0.8	0.85	0.9	0.95	1	
    odd-ratio:	0.629846	1.001070	0.7555893	0.7288594	0.6022294	0.7615998	0.8467862	1.040165	1.067577	1.199029	1.091227	1.269922	1.469985	1.490785	1.486462	1.552055	1.257954	1.687305	0.8188726	NA	
    pvalue   :	0.6141329	0.4428201	0.9932337	0.9999977	1	1	0.9999998	0.08923612	0.01465621	9.213973e-09	0.01150834	1.069453e-07	2.310079e-11	2.448518e-07	0.0001619743	0.002465209	0.1458159	0.04618995	0.4409577	0.7637253	

Column 24:  UpAU_20nt
    Bin      :	0	0.05	0.1	0.15	0.2	0.25	0.3	0.35	0.4	0.45	0.5	0.55	0.6	0.65	0.7	0.75	0.8	0.85	0.9	0.95	1	
    odd-ratio:	0.6358751	0.2953175	0.1765522	0.2422029	0.3692879	0.3698927	0.644206	0.6660283	0.8164763	1.097287	1.196089	1.601607	1.685875	2.164448	1.889473	2.36609	2.035187	1.195570	2.559303	NA	
    pvalue   :	0.7510052	0.9992654	1	1	1	1	1	1	1	0.0008932988	7.990352e-09	1.090226e-44	2.183490e-38	1.317735e-55	3.784181e-18	7.116441e-16	0.0004581774	0.2447403	0.05957562	0.5863236	

Column 25:  DwsAcc_20nt
    Bin      :	0	0.05	0.1	0.15	0.2	0.25	0.3	0.35	0.4	0.45	0.5	0.55	0.6	0.65	0.7	0.75	0.8	0.85	0.9	0.95	1	
    odd-ratio:	NA	0.5275889	0.3859302	0.888266	1.094878	0.7858941	0.832804	0.8834315	1.032951	1.079896	1.258884	1.384937	1.294835	1.552471	1.364192	1.493417	2.638135	5.516268	NA	NA	
    pvalue   :	0.9384771	0.992018	1	0.9689745	0.01398629	1	1	0.9999739	0.1388945	0.01073176	9.148665e-10	4.61065e-12	3.264817e-05	9.12761e-08	0.006129694	0.01346682	7.918882e-06	4.493321e-10	0.6595478	0.3665298	

Column 26:  DwAU_20nt
    Bin      :	0	0.05	0.1	0.15	0.2	0.25	0.3	0.35	0.4	0.45	0.5	0.55	0.6	0.65	0.7	0.75	0.8	0.85	0.9	0.95	1	
    odd-ratio:	NA	NA	0.02238850	0.305936	0.437242	0.5482771	0.629794	0.6967372	0.9998393	1.297151	1.37328	1.587229	1.413497	1.342276	1.583496	1.050510	1.188545	NA	NA	NA	
    pvalue   :	0.993214	0.9999998	1	1	1	1	1	1	0.494975	1.523767e-19	5.561024e-24	3.092144e-38	3.854331e-14	1.884255e-06	1.713599e-07	0.3468056	0.2183358	0.793344	0.1199964	0	

Column 27:  UpsAcc_25nt
    Bin      :	0	0.05	0.1	0.15	0.2	0.25	0.3	0.35	0.4	0.45	0.5	0.55	0.6	0.65	0.7	0.75	0.8	0.85	0.9	0.95	1	
    odd-ratio:	NA	1.256559	0.5943503	0.6418446	0.734685	0.673804	0.8042587	1.054220	1.009344	1.122018	1.308271	1.414594	1.823922	1.488737	1.111681	1.441895	0.8529489	NA	NA	NA	
    pvalue   :	0.6359683	0.1628057	0.9993147	1	1	1	1	0.02989577	0.3693794	0.0001669100	3.466633e-13	2.2763e-13	9.341428e-23	1.088485e-05	0.2190159	0.03892848	0.5314291	0.9118835	0.6269949	0.5467702	

Column 28:  UpAU_25nt
    Bin      :	0	0.05	0.1	0.15	0.2	0.25	0.3	0.35	0.4	0.45	0.5	0.55	0.6	0.65	0.7	0.75	0.8	0.85	0.9	0.95	1	
    odd-ratio:	1.335312	0.4686521	0.1336546	0.3277566	0.290792	0.3004389	0.4047995	0.6196238	0.8025376	0.9106348	1.117696	1.616295	1.788048	2.107901	2.14494	2.128175	0.6092368	NA	NA	NA	
    pvalue   :	0.1903773	0.8803297	0.9999576	1	1	1	1	1	1	0.9976298	0.0003162237	8.931777e-73	3.567072e-41	1.121667e-46	2.47765e-28	3.448655e-18	0.7826073	0.7282124	0.2065078	0.5888343	

Column 29:  DwsAcc_25nt
    Bin      :	0	0.05	0.1	0.15	0.2	0.25	0.3	0.35	0.4	0.45	0.5	0.55	0.6	0.65	0.7	0.75	0.8	0.85	0.9	0.95	1	
    odd-ratio:	NA	1.226845	0.3734543	0.7231518	0.8624482	0.76918	0.9172953	0.9526356	0.9043851	1.144855	1.460167	1.208018	1.193803	2.216335	2.542989	3.131966	1.166649	NA	NA	NA	
    pvalue   :	0.5355984	0.1835249	1	0.9999816	0.9989797	1	0.9975212	0.9532681	0.9995346	1.496341e-05	4.557807e-24	0.0001789640	0.008293905	1.018322e-18	1.807925e-12	5.708626e-09	0.2613664	0.7958451	0.3059643	0.09830659	

Column 30:  DwAU_25nt
    Bin      :	0	0.05	0.1	0.15	0.2	0.25	0.3	0.35	0.4	0.45	0.5	0.55	0.6	0.65	0.7	0.75	0.8	0.85	0.9	0.95	1	
    odd-ratio:	NA	NA	NA	0.30901	0.1843580	0.4219568	0.4877103	0.6809777	0.8983042	1.176453	1.174349	1.722200	1.351957	1.532158	1.404702	1.070748	3.196138	NA	NA	NA	
    pvalue   :	0.7970843	0.9924738	0.9999994	1	1	1	1	1	0.9994903	6.086048e-08	4.769047e-07	1.011768e-88	1.425442e-09	7.679888e-12	9.927132e-05	0.2730187	2.206913e-05	0.5270392	0.1092175	0.02405426	

Column 31:  UpsAcc_30nt
    Bin      :	0	0.05	0.1	0.15	0.2	0.25	0.3	0.35	0.4	0.45	0.5	0.55	0.6	0.65	0.7	0.75	0.8	0.85	0.9	0.95	1	
    odd-ratio:	1.949916	1.593138	0.811762	0.5363025	0.6228069	0.6764352	0.8056205	1.010293	1.055837	1.129287	1.31984	1.778050	1.565034	1.634412	0.8360853	0.4938219	NA	NA	NA	NA	
    pvalue   :	0.09458083	0.08842685	0.8343896	1	1	1	1	0.3491665	0.02662572	6.212309e-05	2.162255e-13	3.717293e-33	2.805078e-10	2.890035e-06	0.7512874	0.9051652	0.9317673	0.7058279	0.4253196	0.4147282	

Column 32:  UpAU_30nt
    Bin      :	0	0.05	0.1	0.15	0.2	0.25	0.3	0.35	0.4	0.45	0.5	0.55	0.6	0.65	0.7	0.75	0.8	0.85	0.9	0.95	1	
    odd-ratio:	1.137401	0.6774895	0.06844436	0.2264405	0.3409854	0.3123271	0.4084715	0.5555127	0.7996767	0.9942777	1.297373	1.666691	1.740494	2.015998	2.793509	1.759399	NA	NA	NA	NA	
    pvalue   :	0.2200502	0.7788302	0.9999926	1	1	1	1	1	1	0.581218	2.923523e-14	9.969835e-72	4.012985e-32	2.987935e-55	7.730629e-32	8.914261e-06	0.9593362	0.6178003	0.006068576	0.5837976	

Column 33:  DwsAcc_30nt
    Bin      :	0	0.05	0.1	0.15	0.2	0.25	0.3	0.35	0.4	0.45	0.5	0.55	0.6	0.65	0.7	0.75	0.8	0.85	0.9	0.95	1	
    odd-ratio:	NA	1.676719	0.4950073	0.528157	0.9427471	0.6792683	0.7575323	1.04737	1.075542	1.063684	1.513966	1.135426	1.467084	2.304192	4.107631	0.1522538	NA	NA	NA	NA	
    pvalue   :	0.1146234	0.06285898	0.9991286	1	0.8741802	1	1	0.04303133	0.004729949	0.02881438	8.366201e-28	0.01334373	3.593633e-07	1.149019e-14	2.326384e-21	0.9891917	0.860034	0.5270392	0.08168914	0.02997688	

Column 34:  DwAU_30nt
    Bin      :	0	0.05	0.1	0.15	0.2	0.25	0.3	0.35	0.4	0.45	0.5	0.55	0.6	0.65	0.7	0.75	0.8	0.85	0.9	0.95	1	
    odd-ratio:	NA	NA	NA	0.0540995	0.4383254	0.3735669	0.5704361	0.6512301	0.7471404	1.177049	1.378172	1.747119	1.450483	1.517673	0.9543135	1.167257	NA	19.52046	NA	NA	
    pvalue   :	0.4322739	0.9989856	0.9999936	1	1	1	1	1	1	5.671891e-11	2.607471e-20	2.403840e-81	1.129780e-12	4.449165e-15	0.5818932	0.1577979	0.941758	1.777056e-11	0.04752998	0	

Column 38:  SiteBegin
    Bin      :	0	0.05	0.1	0.15	0.2	0.25	0.3	0.35	0.4	0.45	0.5	0.55	0.6	0.65	0.7	0.75	0.8	0.85	0.9	0.95	1	
    odd-ratio:	0.3291001	0.5329751	0.7626167	0.9176885	0.6959076	0.979642	0.8619052	0.9754624	1.020459	0.9617806	1.307215	0.7541758	1.141710	1.150906	1.258869	0.9811597	1.240404	1.419727	1.526426	1.440587	
    pvalue   :	1	1	0.9999995	0.9485525	1	0.6441731	0.9972713	0.6740896	0.3304389	0.767683	4.020085e-09	0.9999998	0.002623013	0.001533833	4.704328e-07	0.6350986	1.869919e-06	4.888172e-15	2.410545e-21	1.384580e-12	

Column 35:  Gtotal
    Bin      :	-1000	-22	-21	-20	-19	-18	-17	-16	-15	-14	-13	-12	-11	-10	-9	-8	-7	-6	-5	-4	-3	-2	-1	0	1000	
    odd-ratio:	2.952226	0.8077159	1.766479	2.089846	2.126022	1.618594	1.627488	1.856238	1.610053	1.654433	1.409485	1.403067	1.507388	1.318064	1.305451	1.256566	1.16159	1.057308	1.132261	1.166004	1.036414	1.082228	0.988189	0.6133562	
    pvalue   :	6.42112e-06	0.5505221	0.01637319	0.0002484553	9.082275e-06	0.001023935	0.0001200221	4.534649e-09	3.297669e-07	6.005816e-10	3.164726e-06	3.408775e-07	6.709165e-12	1.009571e-06	4.5724e-07	5.850188e-06	0.001698237	0.1322349	0.005669172	0.0007447039	0.2293771	0.05411566	0.5763093	1	

Column 36:  Gnucl
    Bin      :	-1000	-10	-9.5	-9	-8.5	-8	-7.5	-7	-6.5	-6	-5.5	-5	-4.5	-4	-3.5	-3	-2.5	-2	-1.5	-1	-0.5	0	1000	
    odd-ratio:	NA	NA	NA	0.3702452	1.096185	2.228468	1.373901	1.119708	1.049014	1.383690	1.482494	1.592912	1.522346	1.298569	1.255498	1.110106	1.013391	1.046504	0.9299165	0.8815571	0.6400301	NA	
    pvalue   :	0.09280112	0.8922742	0.823599	0.9824727	0.2981892	7.016942e-20	1.937873e-05	0.06674018	0.2341622	5.383156e-08	5.075632e-13	5.004952e-19	1.258932e-16	2.046693e-07	3.251208e-06	0.0179432	0.380359	0.1452473	0.9600305	0.999819	1	0	

Column 3:  Ghybrid
    Bin      :	-1000	-25	-24	-23	-22	-21	-20	-19	-18	-17	-16	-15	1000	
    odd-ratio:	0.800427	0.9988704	0.9745942	1.007473	1.091559	1.004012	1.032495	1.044337	1.066778	1.173646	1.132483	1.032259	
    pvalue   :	1	0.4988015	0.7264781	0.4135889	0.007392375	0.4475652	0.191389	0.1336278	0.0661707	0.0004141119	0.01377509	0.2459627	

