Size of positive set is 15716; size of negative set is 951155

Column 39:  site_conser
    Bin      :	0	0.1	0.2	0.3	0.4	0.5	0.6	0.7	0.8	0.9	1	
    odd-ratio:	0.3207955	0.7336656	1.014920	1.081611	1.489562	1.298323	1.458557	1.586992	1.625407	3.059708	
Column 40:  seed_conser
    Bin      :	0	0.1	0.2	0.3	0.4	0.5	0.6	0.7	0.8	0.9	1	
    odd-ratio:	0.3381742	0.72009	0.7838837	0.9536834	0.8733786	0.9662804	0.7691352	1.335596	1.302465	3.471550	
Column 41:  offseed_conser
    Bin      :	0	0.1	0.2	0.3	0.4	0.5	0.6	0.7	0.8	0.9	1	
    odd-ratio:	0.340707	0.846795	1.034894	1.189751	1.209491	1.379981	1.458962	1.408902	1.675763	2.933601	

Column 6:  Seed_kind
    Bin      :	6mer	7mer-A1	7mer-m8	8mer	offset-6mer	
    odd-ratio:	0.8519366	1.517926	1.55298	2.743589	0.5654432	
    pvalue   :	1	7.683743e-64	8.090633e-90	1.521434e-260	1	

Column 6*8:  Seed_kind*region12_17
    Bin      :	6mer@0	6mer@1	7mer-A1@0	7mer-A1@1	7mer-m8@0	7mer-m8@1	8mer@0	8mer@1	offset-6mer@0	offset-6mer@1	
    odd-ratio:	0.8336374	1.029317	1.455473	1.754935	1.457988	1.942681	2.674687	2.803413	0.5858378	0.7012011	
    pvalue   :	1	0.2357350	2.082543e-45	6.770013e-21	1.821778e-58	1.379236e-36	1.506739e-215	1.289766e-43	1	1	

Column 8:  region12_17
    Bin      :	0	1	
    odd-ratio:	0.8509688	1.175131	
    pvalue   :	1	2.152644e-12	

Column 9:  SiteAcc
    Bin      :	0	0.05	0.1	0.15	0.2	0.25	0.3	0.35	0.4	0.45	0.5	0.55	0.6	0.65	0.7	0.75	0.8	0.85	0.9	0.95	1	
    odd-ratio:	0.7568886	0.4431947	0.6920791	0.727969	0.6293305	0.748868	0.7915246	0.9517476	1.141621	1.285926	1.417581	1.277288	1.569814	1.706124	1.65944	1.736171	1.651829	0.6494702	0.3781799	9.194034	
    pvalue   :	0.9070256	0.9999996	0.9999974	1	1	1	1	0.9906088	2.219017e-10	1.556643e-26	2.067552e-33	5.205189e-10	1.726023e-18	3.985493e-14	4.572929e-07	4.758231e-05	0.004087227	0.81176	0.8956833	7.7162e-15	

Column 10:  SeedAcc
    Bin      :	0	0.05	0.1	0.15	0.2	0.25	0.3	0.35	0.4	0.45	0.5	0.55	0.6	0.65	0.7	0.75	0.8	0.85	0.9	0.95	1	
    odd-ratio:	0.8488743	0.7510141	0.9733728	0.668629	0.9783949	0.857827	1.018262	1.021937	1.156597	1.125374	1.189714	1.128682	1.106020	1.033171	1.187156	1.269679	0.9366023	1.019951	1.426475	1.292211	
    pvalue   :	0.9999925	1	0.7272374	1	0.7641444	0.9999998	0.2386428	0.2100082	1.437706e-07	2.698167e-05	4.125188e-09	0.0002586262	0.004733174	0.21776	0.0004323967	2.843206e-05	0.8102147	0.3910060	0.0001757227	0.01095400	

Column 11:  UpsAcc_5nt
    Bin      :	0	0.05	0.1	0.15	0.2	0.25	0.3	0.35	0.4	0.45	0.5	0.55	0.6	0.65	0.7	0.75	0.8	0.85	0.9	0.95	1	
    odd-ratio:	0.8723197	0.7837296	0.9863142	0.8747284	0.826637	0.997695	1.03072	0.9342154	1.036715	1.043618	1.089704	1.088137	1.088647	1.172081	1.134224	1.170726	1.106748	1.113870	1.199620	1.051443	
    pvalue   :	0.9999876	1	0.6140563	0.9997265	1	0.5221567	0.1660264	0.9858559	0.09902928	0.0944845	0.006133713	0.00636287	0.008377732	4.103291e-05	0.001717536	0.0001316789	0.01798263	0.03355936	0.002041051	0.2078955	

Column 12:  UpAU_5nt
    Bin      :	0	0.05	0.1	0.15	0.2	0.25	0.3	0.35	0.4	0.45	0.5	0.55	0.6	0.65	0.7	0.75	0.8	0.85	0.9	0.95	1	
    odd-ratio:	0.772117	NA	NA	0.6466154	NA	NA	NA	0.7478477	NA	NA	NA	1.031744	NA	NA	NA	1.365162	NA	NA	NA	1.440064	
    pvalue   :	0.9989674	0	0	1	0	0	0	1	0	0	0	0.0332409	0	0	0	2.485506e-62	0	0	0	1.429967e-39	

Column 13:  DwsAcc_5nt
    Bin      :	0	0.05	0.1	0.15	0.2	0.25	0.3	0.35	0.4	0.45	0.5	0.55	0.6	0.65	0.7	0.75	0.8	0.85	0.9	0.95	1	
    odd-ratio:	0.7013316	0.7633527	0.8796571	0.8844084	0.8568111	1.044055	1.085402	1.002276	1.033952	1.177228	1.118372	1.081498	1.123478	1.225499	0.9375959	1.194764	0.9556606	1.364098	1.112148	1.092053	
    pvalue   :	1	1	0.998264	0.9994841	1	0.07277715	0.003869516	0.4620883	0.1177195	1.743565e-07	0.0006134806	0.01122230	0.0006104652	3.454955e-07	0.903893	3.69305e-05	0.7917899	8.16091e-08	0.05798504	0.08214603	

Column 14:  DwAU_5nt
    Bin      :	0	0.05	0.1	0.15	0.2	0.25	0.3	0.35	0.4	0.45	0.5	0.55	0.6	0.65	0.7	0.75	0.8	0.85	0.9	0.95	1	
    odd-ratio:	0.8136207	NA	NA	0.6811929	NA	NA	NA	0.897124	NA	NA	NA	1.089369	NA	NA	NA	1.199048	NA	NA	NA	1.256858	
    pvalue   :	0.9956468	0	0	1	0	0	0	1	0	0	0	2.812919e-07	0	0	0	6.429252e-20	0	0	0	2.916381e-13	

Column 15:  UpsAcc_10nt
    Bin      :	0	0.05	0.1	0.15	0.2	0.25	0.3	0.35	0.4	0.45	0.5	0.55	0.6	0.65	0.7	0.75	0.8	0.85	0.9	0.95	1	
    odd-ratio:	0.87427	0.7127275	0.887249	0.855839	0.7772267	0.9047718	0.9106931	1.054207	0.9987543	1.177145	1.091652	1.036949	1.139631	1.147005	1.280640	1.172598	1.053268	1.208726	1.168613	1.578978	
    pvalue   :	0.9575586	0.999992	0.9983726	0.999964	1	0.9997294	0.999823	0.01940989	0.5130412	3.688463e-10	0.001164705	0.1342553	0.0001720194	0.0007475096	3.598684e-07	0.004398836	0.2416693	0.01895849	0.0849647	0.0001754617	

Column 16:  UpAU_10nt
    Bin      :	0	0.05	0.1	0.15	0.2	0.25	0.3	0.35	0.4	0.45	0.5	0.55	0.6	0.65	0.7	0.75	0.8	0.85	0.9	0.95	1	
    odd-ratio:	0.4719181	0.8081037	NA	0.7128572	NA	0.6374104	NA	0.6342919	NA	0.8160745	NA	1.094716	NA	1.297868	NA	1.575782	NA	1.491884	NA	1.255187	
    pvalue   :	0.9509927	0.9432129	0	1	0	1	0	1	0	1	0	2.165302e-06	0	1.016028e-35	0	5.402073e-78	0	2.187249e-31	0	0.0001269287	

Column 17:  DwsAcc_10nt
    Bin      :	0	0.05	0.1	0.15	0.2	0.25	0.3	0.35	0.4	0.45	0.5	0.55	0.6	0.65	0.7	0.75	0.8	0.85	0.9	0.95	1	
    odd-ratio:	0.4710761	0.8620305	0.7173723	0.8839816	0.8849356	0.9202045	0.974123	0.9122161	0.933489	1.053377	1.265321	1.385029	1.269024	1.116721	0.7979375	1.224654	1.63327	1.021865	1.037128	0.9280573	
    pvalue   :	1	0.9772003	1	0.9993676	0.999987	0.9983539	0.8473768	0.9997147	0.995685	0.02821612	4.659027e-17	1.731975e-25	6.934121e-11	0.007652634	0.9998487	0.0007444188	7.347038e-12	0.3914055	0.3542165	0.7045425	

Column 18:  DwAU_10nt
    Bin      :	0	0.05	0.1	0.15	0.2	0.25	0.3	0.35	0.4	0.45	0.5	0.55	0.6	0.65	0.7	0.75	0.8	0.85	0.9	0.95	1	
    odd-ratio:	0.1423488	0.7745967	NA	0.7351909	NA	0.6673986	NA	0.7412178	NA	1.064727	NA	1.074832	NA	1.266153	NA	1.295491	NA	1.177994	NA	0.8114787	
    pvalue   :	0.9925399	0.9654581	0	1	0	1	0	1	0	0.0005478497	0	0.0001422520	0	8.68861e-28	0	7.981129e-22	0	3.218537e-05	0	0.99508	

Column 19:  UpsAcc_15nt
    Bin      :	0	0.05	0.1	0.15	0.2	0.25	0.3	0.35	0.4	0.45	0.5	0.55	0.6	0.65	0.7	0.75	0.8	0.85	0.9	0.95	1	
    odd-ratio:	0.6966114	0.807703	0.8859628	0.9063787	0.7838598	0.806738	0.9132225	0.967196	1.037885	1.029728	1.102839	1.290734	1.293238	1.114109	1.369588	1.315148	1.340671	1.327833	1.75705	1.793116	
    pvalue   :	0.9688038	0.9897768	0.981765	0.9911759	1	1	0.99988	0.917505	0.05634346	0.1208794	0.0002247989	3.49999e-16	1.189933e-11	0.01623180	1.970037e-07	0.0003312433	0.002504348	0.01646353	0.0001576058	0.001989056	

Column 20:  UpAU_15nt
    Bin      :	0	0.05	0.1	0.15	0.2	0.25	0.3	0.35	0.4	0.45	0.5	0.55	0.6	0.65	0.7	0.75	0.8	0.85	0.9	0.95	1	
    odd-ratio:	1.952547	0.3659361	0.8137202	0.7582807	NA	0.7511187	0.639225	0.6256133	NA	0.6852943	0.8508983	1.044085	NA	1.399862	1.485528	1.559565	NA	1.734793	1.266928	1.273396	
    pvalue   :	0.0586688	0.9618307	0.8464242	0.9989247	0	1	1	1	0	1	1	0.02656461	0	1.223651e-49	1.209329e-54	5.149749e-48	0	9.900078e-45	0.0001544838	0.0159508	

Column 21:  DwsAcc_15nt
    Bin      :	0	0.05	0.1	0.15	0.2	0.25	0.3	0.35	0.4	0.45	0.5	0.55	0.6	0.65	0.7	0.75	0.8	0.85	0.9	0.95	1	
    odd-ratio:	0.8726136	0.4939881	0.5986523	0.7533915	0.7479869	0.8494445	0.9899581	0.9831526	1.020904	1.120391	1.194121	1.273944	1.378730	1.258747	0.8937851	1.304717	0.832821	1.390582	1.523735	0.7219335	
    pvalue   :	0.7645894	1	1	1	1	1	0.658349	0.7600661	0.1874533	2.635416e-06	1.091562e-10	1.073346e-13	1.723164e-16	4.038049e-06	0.9217903	0.001048963	0.9176698	0.005481666	0.001305445	0.983978	

Column 22:  DwAU_15nt
    Bin      :	0	0.05	0.1	0.15	0.2	0.25	0.3	0.35	0.4	0.45	0.5	0.55	0.6	0.65	0.7	0.75	0.8	0.85	0.9	0.95	1	
    odd-ratio:	NA	0.2016873	0.7907839	0.710595	NA	0.7202215	0.6332678	0.6975735	NA	0.9179118	1.046489	1.228182	NA	1.290633	1.319469	1.270125	NA	0.7139768	0.7114608	0.760525	
    pvalue   :	0.6977112	0.9569756	0.8666626	0.9998657	0	1	1	1	0	0.9999238	0.01710761	2.609583e-21	0	2.621704e-27	1.713843e-24	1.91653e-12	0	1	0.9999445	0.9784108	

Column 23:  UpsAcc_20nt
    Bin      :	0	0.05	0.1	0.15	0.2	0.25	0.3	0.35	0.4	0.45	0.5	0.55	0.6	0.65	0.7	0.75	0.8	0.85	0.9	0.95	1	
    odd-ratio:	1.940272	0.753534	0.8359327	0.927832	0.8011506	0.77625	0.8969322	0.8846133	1.075976	1.082959	1.170892	1.149346	1.353675	1.452032	1.724155	1.467393	1.240876	0.6885845	2.320548	1.802740	
    pvalue   :	0.002997573	0.9609798	0.990178	0.9457748	1	1	0.9999977	1	0.0004527989	0.0004591725	4.66759e-09	2.06353e-05	3.215823e-13	5.68288e-12	6.876724e-15	7.12669e-05	0.05820292	0.9053839	3.030095e-05	0.01993407	

Column 24:  UpAU_20nt
    Bin      :	0	0.05	0.1	0.15	0.2	0.25	0.3	0.35	0.4	0.45	0.5	0.55	0.6	0.65	0.7	0.75	0.8	0.85	0.9	0.95	1	
    odd-ratio:	2.209196	0.5952156	0.7857747	0.8142856	0.7873452	0.7498793	0.6513651	0.6574359	0.631198	0.7318173	0.8680182	1.081185	1.357732	1.448223	1.640340	1.657807	1.561640	1.420195	1.406305	1.385666	
    pvalue   :	0.02921352	0.7382144	0.799144	0.9339566	0.9989525	1	1	1	1	1	1	0.0007105156	6.988375e-35	6.909541e-43	1.669809e-61	4.24213e-46	9.722289e-22	2.203296e-07	0.0008637704	0.03534357	

Column 25:  DwsAcc_20nt
    Bin      :	0	0.05	0.1	0.15	0.2	0.25	0.3	0.35	0.4	0.45	0.5	0.55	0.6	0.65	0.7	0.75	0.8	0.85	0.9	0.95	1	
    odd-ratio:	1.636241	0.8652109	0.6722943	0.5168342	0.7845609	0.8922928	0.7984514	1.007766	1.017940	1.214261	1.284052	1.397185	1.269483	1.111166	0.8295744	1.02365	0.8935136	0.5419983	2.225500	0.6417482	
    pvalue   :	0.03381126	0.8224864	0.9999997	1	1	0.9999907	1	0.3570787	0.2103093	1.610827e-16	6.953206e-20	2.829150e-24	6.338252e-08	0.04366190	0.9700372	0.390337	0.7471452	0.9968688	4.147213e-09	0.9985707	

Column 26:  DwAU_20nt
    Bin      :	0	0.05	0.1	0.15	0.2	0.25	0.3	0.35	0.4	0.45	0.5	0.55	0.6	0.65	0.7	0.75	0.8	0.85	0.9	0.95	1	
    odd-ratio:	NA	4.192398	0.8232636	0.5035974	0.5843723	0.6571198	0.6534544	0.690089	0.7850478	1.027446	1.120563	1.255803	1.348807	1.251614	1.252567	1.009960	0.893494	0.5136436	0.6938819	0.6058776	
    pvalue   :	0.7749387	5.761268e-08	0.7175102	0.999989	1	1	1	1	1	0.1233535	6.495248e-07	4.67054e-22	4.181074e-32	2.995866e-15	5.825117e-12	0.3997111	0.9667088	1	0.9950903	0.9978817	

Column 27:  UpsAcc_25nt
    Bin      :	0	0.05	0.1	0.15	0.2	0.25	0.3	0.35	0.4	0.45	0.5	0.55	0.6	0.65	0.7	0.75	0.8	0.85	0.9	0.95	1	
    odd-ratio:	0.7859519	0.959274	0.9262108	0.9310747	0.786856	0.7763108	0.8333028	0.9361455	1.053372	1.059685	1.233573	1.319998	1.487197	1.244752	1.620651	1.734904	1.521993	0.6808102	1.306394	1.708582	
    pvalue   :	0.5286079	0.524529	0.7722416	0.9047895	1	1	1	0.9989759	0.007233021	0.00706153	9.627285e-15	5.415713e-16	2.238992e-18	0.0005070464	1.75169e-08	1.444379e-06	0.008431396	0.8256612	0.1601841	0.05866465	

Column 28:  UpAU_25nt
    Bin      :	0	0.05	0.1	0.15	0.2	0.25	0.3	0.35	0.4	0.45	0.5	0.55	0.6	0.65	0.7	0.75	0.8	0.85	0.9	0.95	1	
    odd-ratio:	4.174297	3.783121	0.6071636	0.991046	0.7799136	0.7994454	0.7344047	0.6589261	0.5967158	0.6779721	0.7814683	0.9818014	1.355196	1.479421	1.541398	1.695609	1.698558	1.194832	1.59863	1.484629	
    pvalue   :	0.01374503	0.009504514	0.7242646	0.4843508	0.9822784	0.9988018	1	1	1	1	1	0.8153628	5.324986e-30	2.957179e-44	1.596413e-44	1.209626e-83	9.95856e-25	0.01121328	4.595691e-06	0.004735591	

Column 29:  DwsAcc_25nt
    Bin      :	0	0.05	0.1	0.15	0.2	0.25	0.3	0.35	0.4	0.45	0.5	0.55	0.6	0.65	0.7	0.75	0.8	0.85	0.9	0.95	1	
    odd-ratio:	2.570206	1.058306	0.6236353	0.637078	0.806175	0.798657	0.8365117	0.88646	1.110066	1.170550	1.466694	1.308707	1.281473	1.051558	0.7758526	0.4407438	1.004318	1.268002	1.462410	0.6395836	
    pvalue   :	0.00363466	0.338831	0.9999948	1	1	1	1	1	4.541597e-07	8.716657e-12	1.709587e-46	4.716501e-14	3.665725e-07	0.2328070	0.9870963	0.9999978	0.4480948	0.05972703	0.006568204	0.9989746	

Column 30:  DwAU_25nt
    Bin      :	0	0.05	0.1	0.15	0.2	0.25	0.3	0.35	0.4	0.45	0.5	0.55	0.6	0.65	0.7	0.75	0.8	0.85	0.9	0.95	1	
    odd-ratio:	NA	NA	NA	1.585290	0.5398229	0.5106476	0.669774	0.6659498	0.7277912	0.848924	1.107163	1.164097	1.499256	1.445315	1.259787	0.9525803	0.9431407	0.5093683	0.2712366	0.7417862	
    pvalue   :	0.07867315	0.5137782	0.950988	0.0004969002	0.9999986	1	1	1	1	1	2.304621e-05	4.197262e-15	4.421611e-53	1.105893e-37	2.458398e-12	0.9258854	0.7981878	1	1	0.9928796	

Column 31:  UpsAcc_30nt
    Bin      :	0	0.05	0.1	0.15	0.2	0.25	0.3	0.35	0.4	0.45	0.5	0.55	0.6	0.65	0.7	0.75	0.8	0.85	0.9	0.95	1	
    odd-ratio:	NA	0.770297	0.9384997	0.823381	0.8952649	0.7717799	0.8081508	0.9062267	1.02005	1.147401	1.276285	1.299733	1.446311	1.868829	1.433051	1.693382	1.921770	0.9414186	0.6347706	0.4202509	
    pvalue   :	0.8089613	0.7267272	0.6681957	0.998501	0.997884	1	1	0.9999988	0.1676303	9.86083e-10	5.813208e-19	5.8094e-13	3.32136e-13	1.079078e-20	0.0003247797	0.0001880907	0.000751827	0.465365	0.6921616	0.6845598	

Column 32:  UpAU_30nt
    Bin      :	0	0.05	0.1	0.15	0.2	0.25	0.3	0.35	0.4	0.45	0.5	0.55	0.6	0.65	0.7	0.75	0.8	0.85	0.9	0.95	1	
    odd-ratio:	NA	3.831372	0.6370216	1.404899	0.7140225	0.8263632	0.7209398	0.6370715	0.5859102	0.7023907	0.808991	0.9899624	1.358523	1.545443	1.558743	1.641011	1.716437	1.453605	2.086093	1.364234	
    pvalue   :	0.1228742	0.00254187	0.605334	0.01996334	0.976592	0.9993636	1	1	1	1	1	0.6760456	3.911695e-27	1.238817e-82	4.00065e-37	2.584211e-57	7.006794e-21	1.278841e-08	1.381111e-06	0.0890101	

Column 33:  DwsAcc_30nt
    Bin      :	0	0.05	0.1	0.15	0.2	0.25	0.3	0.35	0.4	0.45	0.5	0.55	0.6	0.65	0.7	0.75	0.8	0.85	0.9	0.95	1	
    odd-ratio:	9.396067	1.638906	0.3212273	0.5705688	0.8121081	0.7952933	0.7733553	0.9357089	1.140875	1.252871	1.358170	1.148835	1.393576	1.073191	0.745771	1.211222	0.7448509	0.3816054	1.653180	0.5976916	
    pvalue   :	1.367724e-07	0.01831173	1	1	1	1	1	0.9993232	6.361563e-11	4.274581e-23	5.581052e-28	0.0002143132	1.714567e-10	0.1821951	0.9868923	0.06657514	0.9415468	0.9999618	0.0002066169	0.999847	

Column 34:  DwAU_30nt
    Bin      :	0	0.05	0.1	0.15	0.2	0.25	0.3	0.35	0.4	0.45	0.5	0.55	0.6	0.65	0.7	0.75	0.8	0.85	0.9	0.95	1	
    odd-ratio:	NA	NA	5.088437	0.9301817	0.626047	0.6386083	0.7332533	0.577058	0.7340271	0.9115924	0.9623175	1.321403	1.268394	1.417009	1.277161	0.9309919	0.8376732	0.5962389	0.4812904	0.7152153	
    pvalue   :	0	0.191881	9.560742e-06	0.5559422	0.992868	1	1	1	1	0.9999944	0.912003	2.343662e-43	3.212412e-16	1.275817e-50	5.05807e-11	0.9696042	0.9879473	1	0.9999575	0.9945845	

Column 38:  SiteBegin
    Bin      :	0	0.05	0.1	0.15	0.2	0.25	0.3	0.35	0.4	0.45	0.5	0.55	0.6	0.65	0.7	0.75	0.8	0.85	0.9	0.95	1	
    odd-ratio:	1.478857	1.331073	1.267444	1.150766	0.9662015	0.8738379	0.9702789	0.7644334	0.808279	0.7391096	0.8337078	0.8065646	0.8757904	0.6431954	0.9491726	1.087147	0.980373	1.100791	1.243842	1.302929	
    pvalue   :	4.698941e-36	3.503479e-18	7.945175e-13	2.481329e-05	0.8201725	0.9998064	0.7875218	1	1	1	0.9999988	1	0.9997693	1	0.9130542	0.009445524	0.6960624	0.003639018	6.602966e-10	2.132713e-09	

Column 35:  Gtotal
    Bin      :	-1000	-22	-21	-20	-19	-18	-17	-16	-15	-14	-13	-12	-11	-10	-9	-8	-7	-6	-5	-4	-3	-2	-1	0	1000	
    odd-ratio:	1.399164	1.584889	1.599032	2.039975	1.900441	1.851711	1.619154	1.650595	1.568744	1.711803	1.565838	1.541536	1.322872	1.410052	1.317759	1.272187	1.190142	1.041577	1.049614	1.096783	0.8847828	0.9128967	0.8874598	0.6205891	
    pvalue   :	0.05164345	0.03376906	0.01324149	7.098401e-06	8.531334e-07	1.104351e-08	2.016851e-07	1.037673e-10	1.675467e-11	2.896706e-21	3.254666e-19	5.273668e-22	2.769263e-11	2.362223e-19	2.808124e-14	3.998601e-12	2.458767e-07	0.1208083	0.081105	0.003716931	0.9994208	0.9914916	0.998724	1	

Column 36:  Gnucl
    Bin      :	-1000	-10	-9.5	-9	-8.5	-8	-7.5	-7	-6.5	-6	-5.5	-5	-4.5	-4	-3.5	-3	-2.5	-2	-1.5	-1	-0.5	0	1000	
    odd-ratio:	NA	0.596219	NA	0.3839495	0.8694919	0.8193513	1.077509	1.299327	1.302224	1.180048	1.032198	1.317628	1.190217	1.308647	1.156466	1.122731	1.242199	1.071752	1.05356	0.923128	0.6889995	NA	
    pvalue   :	0.2050168	0.6491861	0.9570113	0.998679	0.7012885	0.9805561	0.1200370	1.496967e-06	3.470721e-08	0.0002073716	0.2309608	1.298482e-12	2.771844e-06	3.324428e-14	2.442237e-05	0.0003792885	5.219414e-12	0.01153929	0.03129819	0.9992323	1	0	

Column 3:  Ghybrid
    Bin      :	-1000	-25	-24	-23	-22	-21	-20	-19	-18	-17	-16	-15	1000	
    odd-ratio:	0.7385997	0.9167382	0.9636322	1.047336	1.052940	1.056735	1.078788	1.113579	1.123612	1.047983	1.131594	0.9017699	
    pvalue   :	1	0.9875543	0.857954	0.06199106	0.03385579	0.02162250	0.002396616	4.038417e-05	2.057109e-05	0.06402277	0.0001133852	0.9999812	

