Size of positive set is 414671; size of negative set is 37960449

Column 44:  site_conser
    Bin      :	0	0.1	0.2	0.3	0.4	0.5	0.6	0.7	0.8	0.9	1	
    odd-ratio:	0.6246898	0.6364887	0.6524448	0.6642119	0.6523454	0.6470999	0.6986774	0.7255437	0.8107245	1.711377	

Column 9:  region12_17
    Bin      :	0	1	
    odd-ratio:	0.6699385	1.492674	
    pvalue   :	1	0	

Column 14:  SiteAcc
    Bin      :	0	0.05	0.1	0.15	0.2	0.25	0.3	0.35	0.4	0.45	0.5	0.55	0.6	0.65	0.7	0.75	0.8	0.85	0.9	0.95	1	
    odd-ratio:	0.9764242	0.8018264	0.7389536	0.7154748	0.6904645	0.7112363	0.7634736	0.8567324	1.030221	1.274486	1.612850	1.964775	2.397086	3.005721	3.566002	3.976309	4.700870	4.614302	4.720363	6.026928	
    pvalue   :	0.8232655	1	1	1	1	1	1	1	1.951775e-11	0	0	0	0	0	0	0	0	3.281491e-236	1.824177e-123	1.119078e-106	

Column 16:  UpsAcc_5nt
    Bin      :	0	0.05	0.1	0.15	0.2	0.25	0.3	0.35	0.4	0.45	0.5	0.55	0.6	0.65	0.7	0.75	0.8	0.85	0.9	0.95	1	
    odd-ratio:	0.8181224	0.9044466	0.882873	0.7910677	0.8335657	0.909084	0.9446813	0.9266845	0.986106	1.053902	1.104444	1.096289	1.156422	1.265821	1.239234	1.243001	1.308709	1.462403	1.378778	1.282705	
    pvalue   :	1	1	1	1	1	1	1	1	0.993987	3.927101e-16	5.37116e-48	2.002109e-43	2.176511e-96	1.611486e-189	5.073624e-136	8.956593e-146	2.951596e-174	1.064048e-245	6.938428e-146	2.857441e-92	

Column 17:  UpAU_5nt
    Bin      :	0	0.05	0.1	0.15	0.2	0.25	0.3	0.35	0.4	0.45	0.5	0.55	0.6	0.65	0.7	0.75	0.8	0.85	0.9	0.95	1	
    odd-ratio:	0.3364367	NA	NA	0.5043537	NA	NA	NA	0.7501093	NA	NA	NA	1.321066	NA	0.2863954	0.1207677	1.904049	NA	NA	NA	2.340698	
    pvalue   :	1	0	0	1	0.4438321	0	0.571487	1	0	0.9999999	0	0	0	0.9999899	0.9975635	0	0	0	0	0	

Column 18:  DwsAcc_5nt
    Bin      :	0	0.05	0.1	0.15	0.2	0.25	0.3	0.35	0.4	0.45	0.5	0.55	0.6	0.65	0.7	0.75	0.8	0.85	0.9	0.95	1	
    odd-ratio:	0.7469373	0.8084436	0.8075052	0.7399671	0.8015256	0.9083582	0.9392703	0.9299449	0.9904747	1.086861	1.164407	1.133316	1.195307	1.320695	1.361204	1.318884	1.443725	1.592068	1.683883	1.555389	
    pvalue   :	1	1	1	1	1	1	1	1	0.957077	8.981675e-38	1.154493e-110	3.615694e-78	3.998608e-140	3.414530e-252	1.634194e-274	7.89598e-225	7.031087e-309	0	0	2.116316e-278	

Column 19:  DwAU_5nt
    Bin      :	0	0.05	0.1	0.15	0.2	0.25	0.3	0.35	0.4	0.45	0.5	0.55	0.6	0.65	0.7	0.75	0.8	0.85	0.9	0.95	1	
    odd-ratio:	0.2400162	NA	NA	0.4418035	NA	NA	NA	0.7779047	NA	NA	NA	1.480204	NA	NA	NA	2.081562	NA	NA	NA	2.712193	
    pvalue   :	1	0	0	1	0	0	0	1	0	0	0	0	0	0	0	0	0	0	0	0	

Column 20:  UpsAcc_10nt
    Bin      :	0	0.05	0.1	0.15	0.2	0.25	0.3	0.35	0.4	0.45	0.5	0.55	0.6	0.65	0.7	0.75	0.8	0.85	0.9	0.95	1	
    odd-ratio:	0.8042104	0.755822	0.7743877	0.7950197	0.7838629	0.8379944	0.8965274	0.944904	1.033344	1.083423	1.147121	1.233069	1.287477	1.385414	1.361830	1.449395	1.45899	1.591911	1.514571	1.436664	
    pvalue   :	1	1	1	1	1	1	1	1	1.655079e-11	2.699713e-51	7.048997e-131	3.027177e-241	4.22778e-273	0	6.542333e-197	5.46012e-203	3.058580e-126	3.952103e-131	1.574846e-57	1.452707e-27	

Column 21:  UpAU_10nt
    Bin      :	0	0.05	0.1	0.15	0.2	0.25	0.3	0.35	0.4	0.45	0.5	0.55	0.6	0.65	0.7	0.75	0.8	0.85	0.9	0.95	1	
    odd-ratio:	0.1574796	0.2555054	NA	0.3781852	NA	0.4936992	NA	0.6749916	NA	1.071221	NA	1.531577	NA	1.933177	0.08436971	2.263687	NA	2.595067	NA	2.387459	
    pvalue   :	1	1	0.2702633	1	0.9977214	1	0.9999754	1	0.9999986	7.975938e-75	0	0	0.996203	0	0.9999034	0	0.827965	0	0	2.081265e-154	

Column 22:  DwsAcc_10nt
    Bin      :	0	0.05	0.1	0.15	0.2	0.25	0.3	0.35	0.4	0.45	0.5	0.55	0.6	0.65	0.7	0.75	0.8	0.85	0.9	0.95	1	
    odd-ratio:	0.659112	0.7267525	0.7050011	0.7164418	0.7524641	0.807557	0.869095	0.9522504	1.033262	1.095072	1.180198	1.305876	1.370682	1.455096	1.619942	1.693865	1.851497	2.110244	2.503699	2.261142	
    pvalue   :	1	1	1	1	1	1	1	1	1.907491e-11	7.562416e-65	2.195153e-187	0	0	0	0	0	0	0	1.976135e-301	9.944979e-138	

Column 23:  DwAU_10nt
    Bin      :	0	0.05	0.1	0.15	0.2	0.25	0.3	0.35	0.4	0.45	0.5	0.55	0.6	0.65	0.7	0.75	0.8	0.85	0.9	0.95	1	
    odd-ratio:	0.0800539	0.1757491	NA	0.2638451	NA	0.4267754	NA	0.7155201	NA	1.173072	NA	1.711082	NA	2.176097	NA	2.410081	NA	2.921860	NA	3.694136	
    pvalue   :	1	1	0	1	0	1	0	1	0	0	0	0	0	0	0	0	0	0	0	3.915307e-285	

Column 24:  UpsAcc_15nt
    Bin      :	0	0.05	0.1	0.15	0.2	0.25	0.3	0.35	0.4	0.45	0.5	0.55	0.6	0.65	0.7	0.75	0.8	0.85	0.9	0.95	1	
    odd-ratio:	0.6302848	0.6930843	0.7103705	0.7826254	0.7553034	0.790885	0.8703686	0.936755	1.049754	1.134745	1.237959	1.302185	1.391194	1.457627	1.509423	1.571209	1.55892	1.588446	1.539256	0.981557	
    pvalue   :	1	1	1	1	1	1	1	1	1.928698e-26	2.208346e-149	0	0	0	2.4019e-319	7.608208e-222	2.827631e-147	3.485569e-75	2.952031e-42	9.162606e-20	0.577481	

Column 25:  UpAU_15nt
    Bin      :	0	0.05	0.1	0.15	0.2	0.25	0.3	0.35	0.4	0.45	0.5	0.55	0.6	0.65	0.7	0.75	0.8	0.85	0.9	0.95	1	
    odd-ratio:	0.1177889	0.184873	0.228891	0.3036262	NA	0.3954208	0.5018334	0.6586256	NA	0.9334485	1.28881	1.652052	NA	1.971994	2.186957	2.490790	NA	2.501232	2.106954	0.7083423	
    pvalue   :	1	1	1	1	0.9999945	1	1	1	1	1	0	0	0.9999649	0	0	0	0.912285	0	8.225703e-57	0.9989684	

Column 26:  DwsAcc_15nt
    Bin      :	0	0.05	0.1	0.15	0.2	0.25	0.3	0.35	0.4	0.45	0.5	0.55	0.6	0.65	0.7	0.75	0.8	0.85	0.9	0.95	1	
    odd-ratio:	0.5610832	0.6170836	0.6368783	0.6790785	0.7110553	0.76503	0.8388973	0.9359444	1.045139	1.167429	1.267227	1.408606	1.546503	1.720828	1.826258	1.951587	2.050830	2.294493	2.451958	2.237855	
    pvalue   :	1	1	1	1	1	1	1	1	3.938542e-22	2.868279e-222	0	0	0	0	0	1.013114e-312	2.646345e-192	3.329251e-140	6.123574e-87	5.365951e-33	

Column 27:  DwAU_15nt
    Bin      :	0	0.05	0.1	0.15	0.2	0.25	0.3	0.35	0.4	0.45	0.5	0.55	0.6	0.65	0.7	0.75	0.8	0.85	0.9	0.95	1	
    odd-ratio:	0.001407928	0.07028529	0.1617241	0.2003230	NA	0.2987461	0.4351597	0.68137	NA	1.002203	1.448390	1.837746	NA	2.158221	2.36428	2.588197	NA	2.803034	2.986531	2.460491	
    pvalue   :	1	1	1	1	0	1	1	1	0	0.3000068	0	0	0	0	0	0	0	0	3.366433e-124	5.255744e-11	

Column 28:  UpsAcc_20nt
    Bin      :	0	0.05	0.1	0.15	0.2	0.25	0.3	0.35	0.4	0.45	0.5	0.55	0.6	0.65	0.7	0.75	0.8	0.85	0.9	0.95	1	
    odd-ratio:	0.398749	0.5093639	0.672655	0.7151641	0.7224571	0.7701144	0.8566621	0.933128	1.056916	1.192426	1.284252	1.334838	1.529381	1.593268	1.605550	1.532739	1.461898	1.602061	1.037898	0.6429944	
    pvalue   :	1	1	1	1	1	1	1	1	1.741585e-37	8.466236e-312	0	0	0	0	3.582191e-180	5.193372e-68	9.3366e-25	5.937036e-18	0.3244138	0.9992212	

Column 29:  UpAU_20nt
    Bin      :	0	0.05	0.1	0.15	0.2	0.25	0.3	0.35	0.4	0.45	0.5	0.55	0.6	0.65	0.7	0.75	0.8	0.85	0.9	0.95	1	
    odd-ratio:	0.1649101	0.2049654	0.190378	0.2850809	0.3411837	0.428855	0.5195241	0.648851	0.8481187	1.105105	1.440266	1.739110	1.985232	2.2242	2.298995	2.424548	2.590068	2.207233	2.728058	NA	
    pvalue   :	1	1	1	1	1	1	1	1	1	7.369215e-103	0	0	0	0	0	0	1.005674e-310	3.105546e-41	1.357838e-11	1	

Column 30:  DwsAcc_20nt
    Bin      :	0	0.05	0.1	0.15	0.2	0.25	0.3	0.35	0.4	0.45	0.5	0.55	0.6	0.65	0.7	0.75	0.8	0.85	0.9	0.95	1	
    odd-ratio:	0.4245612	0.5125659	0.5344618	0.628604	0.6714766	0.7347042	0.813626	0.9351134	1.063076	1.210588	1.370627	1.531491	1.648037	1.870664	1.981743	1.956532	1.775833	2.252575	1.672526	1.146465	
    pvalue   :	1	1	1	1	1	1	1	1	2.295418e-45	0	0	0	0	0	0	7.374525e-166	3.278038e-51	4.780308e-51	2.558677e-09	0.1318564	

Column 31:  DwAU_20nt
    Bin      :	0	0.05	0.1	0.15	0.2	0.25	0.3	0.35	0.4	0.45	0.5	0.55	0.6	0.65	0.7	0.75	0.8	0.85	0.9	0.95	1	
    odd-ratio:	0.0397138	0.06078705	0.1418778	0.1765489	0.254518	0.3383456	0.452467	0.654084	0.9051518	1.226096	1.620882	1.877373	2.179021	2.257189	2.469206	2.427617	2.651428	2.988769	3.085893	NA	
    pvalue   :	1	1	1	1	1	1	1	1	1	0	0	0	0	0	0	0	8.022194e-265	1.742637e-82	1.065699e-21	0.999994	

Column 32:  UpsAcc_25nt
    Bin      :	0	0.05	0.1	0.15	0.2	0.25	0.3	0.35	0.4	0.45	0.5	0.55	0.6	0.65	0.7	0.75	0.8	0.85	0.9	0.95	1	
    odd-ratio:	NA	0.3387829	0.5472364	0.651174	0.7201394	0.7603445	0.8108175	0.9527101	1.071781	1.229899	1.339512	1.412921	1.586436	1.603837	1.538845	1.426848	1.294372	1.539616	0.9057061	0.7832183	
    pvalue   :	1	1	1	1	1	1	1	1	2.185273e-62	0	0	0	0	7.439856e-252	1.931082e-90	2.826075e-25	1.714670e-06	8.687391e-08	0.705242	0.9362357	

Column 33:  UpAU_25nt
    Bin      :	0	0.05	0.1	0.15	0.2	0.25	0.3	0.35	0.4	0.45	0.5	0.55	0.6	0.65	0.7	0.75	0.8	0.85	0.9	0.95	1	
    odd-ratio:	0.2148562	0.1487541	0.2062431	0.2169265	0.3304279	0.3746111	0.4407162	0.5499095	0.8023476	1.032242	1.280652	1.753327	2.038600	2.135777	2.324278	2.326296	2.540187	1.897032	0.6901761	NA	
    pvalue   :	1	1	1	1	1	1	1	1	1	1.649002e-10	0	0	0	0	0	0	1.303712e-150	2.074072e-15	0.8685367	1	

Column 34:  DwsAcc_25nt
    Bin      :	0	0.05	0.1	0.15	0.2	0.25	0.3	0.35	0.4	0.45	0.5	0.55	0.6	0.65	0.7	0.75	0.8	0.85	0.9	0.95	1	
    odd-ratio:	0.1044355	0.4081005	0.4811023	0.5993925	0.6480401	0.7078154	0.7995463	0.9353669	1.091088	1.245596	1.424186	1.608118	1.729436	1.864809	1.956631	1.891726	1.961900	1.242295	0.7206059	0.2087858	
    pvalue   :	1	1	1	1	1	1	1	1	7.266133e-98	0	0	0	0	0	1.190506e-221	1.648866e-81	9.531698e-39	0.01108014	0.962097	1	

Column 35:  DwAU_25nt
    Bin      :	0	0.05	0.1	0.15	0.2	0.25	0.3	0.35	0.4	0.45	0.5	0.55	0.6	0.65	0.7	0.75	0.8	0.85	0.9	0.95	1	
    odd-ratio:	0.02668433	0.04493349	0.06814024	0.1534573	0.2256564	0.2883694	0.3650613	0.5204412	0.854593	1.106374	1.379719	1.956711	2.097456	2.221907	2.347985	2.454033	2.949528	2.724815	1.286922	0.2604772	
    pvalue   :	1	1	1	1	1	1	1	1	1	1.375338e-92	0	0	0	0	0	0	3.535424e-191	5.726665e-43	0.05717316	0.9999938	

Column 36:  UpsAcc_30nt
    Bin      :	0	0.05	0.1	0.15	0.2	0.25	0.3	0.35	0.4	0.45	0.5	0.55	0.6	0.65	0.7	0.75	0.8	0.85	0.9	0.95	1	
    odd-ratio:	0.0438194	0.1623114	0.5145087	0.5671559	0.6708629	0.7262021	0.8157246	0.9575562	1.102952	1.244550	1.371705	1.480284	1.627799	1.573994	1.415815	1.292059	1.308581	1.344123	1.808940	0.2610964	
    pvalue   :	1	1	1	1	1	1	1	1	1.449340e-130	0	0	0	0	3.494096e-162	1.218774e-36	1.936229e-08	0.0001456761	0.006636877	9.017737e-05	1	

Column 37:  UpAU_30nt
    Bin      :	0	0.05	0.1	0.15	0.2	0.25	0.3	0.35	0.4	0.45	0.5	0.55	0.6	0.65	0.7	0.75	0.8	0.85	0.9	0.95	1	
    odd-ratio:	0.2765883	0.2157790	0.1690026	0.2055125	0.3033001	0.364967	0.456447	0.554334	0.7775566	1.067460	1.410194	1.792620	2.04888	2.237768	2.276321	2.400041	2.437838	1.214807	NA	NA	
    pvalue   :	1	1	1	1	1	1	1	1	1	5.49389e-59	0	0	0	0	0	0	6.724697e-75	0.04152335	0.8758165	1	

Column 38:  DwsAcc_30nt
    Bin      :	0	0.05	0.1	0.15	0.2	0.25	0.3	0.35	0.4	0.45	0.5	0.55	0.6	0.65	0.7	0.75	0.8	0.85	0.9	0.95	1	
    odd-ratio:	0.2217818	0.3832569	0.4215626	0.5473823	0.6000528	0.6827283	0.7901638	0.9424903	1.111064	1.289346	1.473145	1.627779	1.765115	1.926491	1.912327	1.985248	1.091849	0.5372186	0.4558027	0.0328915	
    pvalue   :	0.999913	1	1	1	1	1	1	1	9.11098e-151	0	0	0	0	0	5.926672e-132	8.233605e-58	0.1393968	0.9998	0.998437	1	

Column 39:  DwAU_30nt
    Bin      :	0	0.05	0.1	0.15	0.2	0.25	0.3	0.35	0.4	0.45	0.5	0.55	0.6	0.65	0.7	0.75	0.8	0.85	0.9	0.95	1	
    odd-ratio:	NA	0.03454100	0.06238977	0.1447808	0.2003682	0.2900570	0.3804937	0.5250815	0.798499	1.160596	1.516534	1.932763	2.095388	2.298762	2.434154	2.516216	2.648121	3.062347	0.3923206	0.2061696	
    pvalue   :	1	1	1	1	1	1	1	1	1	1.508938e-308	0	0	0	0	0	0	1.195294e-89	9.5458e-56	0.9934624	0.9999972	

Column 43:  SiteBegin
    Bin      :	0	0.05	0.1	0.15	0.2	0.25	0.3	0.35	0.4	0.45	0.5	0.55	0.6	0.65	0.7	0.75	0.8	0.85	0.9	0.95	1	
    odd-ratio:	0.6988675	0.8865742	0.927278	0.9993348	1.004876	0.8910695	0.9785558	0.8986153	1.003604	0.9462643	0.996202	0.9837226	1.041381	1.010537	0.9775598	0.9945167	1.038863	1.188223	1.171866	1.446897	
    pvalue   :	1	1	1	0.5351651	0.2478080	1	0.9985791	1	0.3074008	1	0.6988542	0.9880808	5.591184e-09	0.07124053	0.9991434	0.7768053	3.761779e-08	8.985816e-142	2.441194e-118	0	

Column 40:  Gtotal
    Bin      :	-1000	-22	-21	-20	-19	-18	-17	-16	-15	-14	-13	-12	-11	-10	-9	-8	-7	-6	-5	-4	-3	-2	-1	0	1000	
    odd-ratio:	3.696204	3.700440	3.565181	2.808218	3.126135	2.946151	2.857098	2.919715	2.603763	2.430644	2.325568	2.19349	2.052297	1.904296	1.770352	1.646077	1.512085	1.415772	1.314973	1.187469	1.110421	1.045736	0.9525686	0.430861	
    pvalue   :	2.305534e-37	1.924581e-33	4.131347e-56	2.025838e-57	2.289055e-128	1.584072e-193	1.519798e-305	0	0	0	0	0	0	0	0	0	0	0	0	3.39616e-144	1.846648e-54	3.387342e-11	1	1	

Column 41:  Gnucl
    Bin      :	-1000	-10	-9.5	-9	-8.5	-8	-7.5	-7	-6.5	-6	-5.5	-5	-4.5	-4	-3.5	-3	-2.5	-2	-1.5	-1	-0.5	0	1000	
    odd-ratio:	NA	0.920478	0.6091478	1.011424	1.258055	1.076459	1.463628	1.504891	1.533641	1.553725	1.653006	1.646350	1.576389	1.492319	1.414572	1.377027	1.292919	1.249548	1.170214	1.012697	0.5728652	NA	
    pvalue   :	0.9413198	0.7345006	0.999926	0.3995624	9.454585e-08	0.002503261	2.272392e-98	6.014946e-156	1.646315e-243	0	0	0	0	0	0	0	8.456468e-279	5.036775e-251	2.280763e-158	0.005611157	1	0	

Column 3:  Ghybrid
    Bin      :	-1000	-25	-24	-23	-22	-21	-20	-19	-18	-17	-16	-15	1000	
    odd-ratio:	0.643061	0.6691388	0.7054118	0.7425398	0.7803714	0.8242332	0.886224	0.9454563	1.015119	1.096251	1.21084	1.667657	
    pvalue   :	1	1	1	1	1	1	1	1	0.0002601915	4.050172e-121	0	0	

