Size of positive set is 29930; size of negative set is 375272

Column 44:  site_conser
    Bin      :	0	0.1	0.2	0.3	0.4	0.5	0.6	0.7	0.8	0.9	1	
    odd-ratio:	0.4056993	0.7789083	0.939789	1.177636	1.244105	1.308738	1.377164	1.495378	1.586685	2.668519	
Column 45:  seed_conser
    Bin      :	0	0.1	0.2	0.3	0.4	0.5	0.6	0.7	0.8	0.9	1	
    odd-ratio:	0.3989588	0.817151	0.9222032	0.9374351	0.9500888	1.236576	0.9784093	1.196638	1.429631	2.782381	
Column 46:  offseed_conser
    Bin      :	0	0.1	0.2	0.3	0.4	0.5	0.6	0.7	0.8	0.9	1	
    odd-ratio:	0.4332423	0.942623	0.8695998	1.121801	1.186055	1.301899	1.299009	1.488497	1.464732	2.559444	

Column 6:  Seed_kind
    Bin      :	6mer	7mer-A1	7mer-m8	8mer	offset-6mer	
    odd-ratio:	0.7490852	1.691157	1.434493	3.246725	0.5873178	
    pvalue   :	1	8.705622e-175	1.399278e-111	0	1	

Column 6*9:  Seed_kind*region12_17
    Bin      :	6mer@0	6mer@1	7mer-A1@0	7mer-A1@1	7mer-m8@0	7mer-m8@1	8mer@0	8mer@1	offset-6mer@0	offset-6mer@1	
    odd-ratio:	0.7485846	0.8661725	1.647499	1.795167	1.368229	1.75083	3.193835	3.099516	0.5982614	0.7713099	
    pvalue   :	1	0.999991	4.585759e-140	1.902934e-33	2.709335e-76	8.58663e-41	0	2.493478e-82	1	1	

Column 9:  region12_17
    Bin      :	0	1	
    odd-ratio:	0.888475	1.125524	
    pvalue   :	1	2.61104e-11	

Column 14:  SiteAcc
    Bin      :	0	0.05	0.1	0.15	0.2	0.25	0.3	0.35	0.4	0.45	0.5	0.55	0.6	0.65	0.7	0.75	0.8	0.85	0.9	0.95	1	
    odd-ratio:	0.9064062	0.8188481	0.8348522	0.916897	0.7752816	0.7682373	0.7838045	0.7982198	0.9615115	1.211318	1.478203	1.523061	2.008359	2.030903	2.421012	1.879585	3.201668	4.311835	3.339391	8.603804	
    pvalue   :	0.8133555	0.99122	0.999689	0.9939808	1	1	1	1	0.9914488	6.851068e-27	1.030553e-75	1.060353e-52	3.702109e-85	7.483467e-46	4.201593e-39	8.460593e-10	3.00747e-22	1.159136e-20	1.200123e-08	1.268470e-13	

Column 15:  SeedAcc
    Bin      :	0	0.05	0.1	0.15	0.2	0.25	0.3	0.35	0.4	0.45	0.5	0.55	0.6	0.65	0.7	0.75	0.8	0.85	0.9	0.95	1	
    odd-ratio:	0.7703482	0.8703856	0.9202642	0.8989617	0.9553644	0.9816989	0.9300063	1.022796	1.066894	1.043803	1.002169	1.101668	1.279309	0.9901497	1.261651	0.996823	1.107240	1.246905	1.320465	1.664977	
    pvalue   :	1	0.9999642	0.9949514	0.9999996	0.9796086	0.7989179	0.9998272	0.1354228	0.001375305	0.02889861	0.4583949	0.0001249036	3.049076e-18	0.6154336	2.115238e-10	0.515538	0.01781315	0.0002142020	2.926096e-05	1.773489e-12	

Column 16:  UpsAcc_5nt
    Bin      :	0	0.05	0.1	0.15	0.2	0.25	0.3	0.35	0.4	0.45	0.5	0.55	0.6	0.65	0.7	0.75	0.8	0.85	0.9	0.95	1	
    odd-ratio:	0.7582671	0.943343	0.9078577	0.8996206	0.8386416	0.9558864	1.025412	0.9512795	1.045693	1.079140	1.077059	1.070431	1.043105	1.131318	1.223927	1.130240	1.203603	1.271172	1.078497	1.221158	
    pvalue   :	1	0.9642905	0.9981006	0.9998719	1	0.9726532	0.1430274	0.9846002	0.01770865	0.000854601	0.001959459	0.003636036	0.05690746	2.277033e-05	1.767305e-10	8.080179e-05	1.456943e-07	8.760034e-09	0.05742611	8.06467e-06	

Column 17:  UpAU_5nt
    Bin      :	0	0.05	0.1	0.15	0.2	0.25	0.3	0.35	0.4	0.45	0.5	0.55	0.6	0.65	0.7	0.75	0.8	0.85	0.9	0.95	1	
    odd-ratio:	0.518336	NA	NA	0.5291734	NA	NA	NA	0.6192196	NA	NA	NA	0.9852384	NA	NA	NA	1.476109	NA	NA	NA	1.750678	
    pvalue   :	1	0	0	1	0	0	0	1	0	0	0	0.8688337	0	0	0	9.78243e-185	0	0	0	5.418793e-224	

Column 18:  DwsAcc_5nt
    Bin      :	0	0.05	0.1	0.15	0.2	0.25	0.3	0.35	0.4	0.45	0.5	0.55	0.6	0.65	0.7	0.75	0.8	0.85	0.9	0.95	1	
    odd-ratio:	0.704901	0.8607712	0.8483151	0.8041769	0.7665434	0.953854	0.9407543	1.014542	1.038962	1.082920	1.210952	1.084282	1.232834	1.218702	1.260975	1.136833	1.311942	1.182241	1.409665	1.234838	
    pvalue   :	1	0.9999986	0.9999997	1	1	0.979031	0.9939516	0.2547916	0.03691153	0.0005514076	2.543889e-14	0.0007834198	2.41397e-15	6.923246e-11	4.35766e-13	5.753205e-05	6.511892e-14	7.896365e-05	9.119564e-15	1.306213e-06	

Column 19:  DwAU_5nt
    Bin      :	0	0.05	0.1	0.15	0.2	0.25	0.3	0.35	0.4	0.45	0.5	0.55	0.6	0.65	0.7	0.75	0.8	0.85	0.9	0.95	1	
    odd-ratio:	0.3396411	NA	NA	0.3224381	NA	NA	NA	0.6325007	NA	NA	NA	1.179549	NA	NA	NA	1.581762	NA	NA	NA	1.796467	
    pvalue   :	1	0	0	1	0	0	0	1	0	0	0	7.86821e-38	0	0	0	2.367908e-246	0	0	0	8.973795e-213	

Column 20:  UpsAcc_10nt
    Bin      :	0	0.05	0.1	0.15	0.2	0.25	0.3	0.35	0.4	0.45	0.5	0.55	0.6	0.65	0.7	0.75	0.8	0.85	0.9	0.95	1	
    odd-ratio:	0.6406649	0.7188274	0.825942	0.9416841	0.8749192	0.863611	0.9351423	1.025815	1.030651	1.033823	1.074875	1.060875	1.179233	1.247915	1.319528	1.165092	1.256657	1.111212	0.9861866	1.5598	
    pvalue   :	1	1	1	0.9830792	1	1	0.9996919	0.09403063	0.05514316	0.05113775	0.0004566007	0.007968506	4.154348e-10	4.571073e-13	4.84517e-14	0.0003844578	2.339074e-05	0.05835025	0.5372541	5.506863e-06	

Column 21:  UpAU_10nt
    Bin      :	0	0.05	0.1	0.15	0.2	0.25	0.3	0.35	0.4	0.45	0.5	0.55	0.6	0.65	0.7	0.75	0.8	0.85	0.9	0.95	1	
    odd-ratio:	0.5810508	0.352444	NA	0.5105456	NA	0.4416684	NA	0.5614739	NA	0.7475803	NA	1.011052	NA	1.317686	NA	1.561323	NA	1.770029	NA	1.985226	
    pvalue   :	0.977358	1	0	1	0	1	0	1	0	1	0	0.2364544	0	1.214535e-74	0	8.835525e-160	0	1.015639e-163	0	6.249218e-86	

Column 22:  DwsAcc_10nt
    Bin      :	0	0.05	0.1	0.15	0.2	0.25	0.3	0.35	0.4	0.45	0.5	0.55	0.6	0.65	0.7	0.75	0.8	0.85	0.9	0.95	1	
    odd-ratio:	0.696484	0.6567052	0.6835945	0.844289	0.7874947	0.9122357	0.941597	1.002039	0.9701576	1.127531	1.128969	1.194338	1.251059	1.227173	1.199790	1.351894	1.459989	1.446566	1.172586	1.296389	
    pvalue   :	1	1	1	1	1	0.9999891	0.9990316	0.4536200	0.940997	1.243815e-09	1.051524e-08	2.89347e-13	3.272586e-16	1.258298e-10	2.464472e-06	1.278493e-11	2.923960e-12	7.437654e-09	0.0209965	0.0004190015	

Column 23:  DwAU_10nt
    Bin      :	0	0.05	0.1	0.15	0.2	0.25	0.3	0.35	0.4	0.45	0.5	0.55	0.6	0.65	0.7	0.75	0.8	0.85	0.9	0.95	1	
    odd-ratio:	0.518325	0.2945692	NA	0.2991314	NA	0.2916976	NA	0.5159826	NA	0.8252665	NA	1.17197	NA	1.470357	NA	1.672427	NA	1.791102	NA	1.475999	
    pvalue   :	0.985935	1	0	1	0	1	0	1	0	1	0	4.976296e-27	0	1.486503e-145	0	8.685528e-203	0	8.57973e-137	0	2.727953e-21	

Column 24:  UpsAcc_15nt
    Bin      :	0	0.05	0.1	0.15	0.2	0.25	0.3	0.35	0.4	0.45	0.5	0.55	0.6	0.65	0.7	0.75	0.8	0.85	0.9	0.95	1	
    odd-ratio:	0.5030574	0.6031214	0.7675603	0.7894004	0.8062771	0.9097027	0.9253359	1.011148	1.091666	1.044019	1.117862	1.089163	1.223584	1.272688	1.189114	1.141559	1.199605	1.075966	1.560385	1.006971	
    pvalue   :	1	1	1	1	1	0.9999984	0.9999852	0.2624484	2.509430e-07	0.01090933	4.176139e-08	0.0002385131	1.946288e-12	1.594293e-11	0.0001161136	0.01648674	0.01175885	0.2326359	0.0003114989	0.4376428	

Column 25:  UpAU_15nt
    Bin      :	0	0.05	0.1	0.15	0.2	0.25	0.3	0.35	0.4	0.45	0.5	0.55	0.6	0.65	0.7	0.75	0.8	0.85	0.9	0.95	1	
    odd-ratio:	1.433009	0.3462963	0.2959999	0.4621571	NA	0.4660684	0.4465234	0.5454408	NA	0.6580664	0.8206508	1.037761	NA	1.268411	1.423723	1.656718	NA	1.712431	1.895419	1.749845	
    pvalue   :	0.1579836	0.9999661	1	1	0	1	1	1	0	1	1	0.01637658	0	1.073202e-45	1.635239e-91	1.193127e-150	0	1.228266e-106	9.761977e-70	4.06988e-15	

Column 26:  DwsAcc_15nt
    Bin      :	0	0.05	0.1	0.15	0.2	0.25	0.3	0.35	0.4	0.45	0.5	0.55	0.6	0.65	0.7	0.75	0.8	0.85	0.9	0.95	1	
    odd-ratio:	0.7680744	0.6598525	0.5626883	0.7040675	0.7863933	0.8917454	0.8712392	0.9496234	1.106601	1.126830	1.132188	1.184874	1.31199	1.189530	1.549493	1.487532	1.389495	2.017255	1.142467	0.9145285	
    pvalue   :	0.9881549	1	1	1	1	1	1	0.9980114	3.580643e-09	6.858211e-11	1.943481e-09	4.844659e-12	2.388862e-20	2.196594e-06	2.442262e-21	1.464682e-11	5.006885e-06	4.888701e-17	0.09772789	0.805372	

Column 27:  DwAU_15nt
    Bin      :	0	0.05	0.1	0.15	0.2	0.25	0.3	0.35	0.4	0.45	0.5	0.55	0.6	0.65	0.7	0.75	0.8	0.85	0.9	0.95	1	
    odd-ratio:	NA	0.9442753	0.1929208	0.2194125	NA	0.2739416	0.3214798	0.5119833	NA	0.655959	0.9461272	1.101531	NA	1.340653	1.639661	1.684259	NA	1.784178	1.735103	1.093442	
    pvalue   :	0.949853	0.532467	1	1	0	1	1	1	0	1	0.9990056	5.292676e-09	0	5.515883e-72	1.003723e-178	6.217704e-143	0	2.950000e-103	2.370040e-40	0.1027242	

Column 28:  UpsAcc_20nt
    Bin      :	0	0.05	0.1	0.15	0.2	0.25	0.3	0.35	0.4	0.45	0.5	0.55	0.6	0.65	0.7	0.75	0.8	0.85	0.9	0.95	1	
    odd-ratio:	0.3369728	0.4958098	0.7337237	0.6713179	0.8360536	0.8842712	0.9314725	0.9741812	1.028871	1.102216	1.232435	1.201141	1.173313	1.067405	0.9990759	1.026743	1.419105	1.325413	1.277357	1.273542	
    pvalue   :	0.9999807	1	1	1	1	1	0.999967	0.9401374	0.04425875	3.034519e-08	1.821294e-25	9.487172e-14	3.472702e-07	0.06477508	0.4896487	0.3580779	0.0007551928	0.02152282	0.07822175	0.1593708	

Column 29:  UpAU_20nt
    Bin      :	0	0.05	0.1	0.15	0.2	0.25	0.3	0.35	0.4	0.45	0.5	0.55	0.6	0.65	0.7	0.75	0.8	0.85	0.9	0.95	1	
    odd-ratio:	NA	0.09112707	0.4730443	0.4242194	0.4220585	0.4218738	0.5112138	0.535009	0.6025141	0.7359482	0.8863899	1.042060	1.232539	1.373933	1.491141	1.657077	1.790922	1.77484	1.857334	1.167173	
    pvalue   :	0.9984138	0.9999998	1	1	1	1	1	1	1	1	1	0.01569303	2.369748e-30	7.520328e-66	1.601553e-92	1.180514e-113	1.422656e-98	4.310788e-46	1.091619e-20	0.1294267	

Column 30:  DwsAcc_20nt
    Bin      :	0	0.05	0.1	0.15	0.2	0.25	0.3	0.35	0.4	0.45	0.5	0.55	0.6	0.65	0.7	0.75	0.8	0.85	0.9	0.95	1	
    odd-ratio:	0.5109388	0.6070467	0.4875738	0.6939776	0.8935554	0.8195848	0.8956887	0.960039	1.024257	1.114934	1.102348	1.303883	1.354279	1.422641	1.363489	1.040168	1.561091	1.740510	1.641013	1.062853	
    pvalue   :	0.99965	0.9999992	1	1	0.999997	1	1	0.9925887	0.07583884	8.840811e-10	2.133936e-06	1.67349e-26	3.209821e-21	3.552382e-17	1.808015e-08	0.299218	4.266794e-07	1.361660e-08	1.362522e-06	0.2324247	

Column 31:  DwAU_20nt
    Bin      :	0	0.05	0.1	0.15	0.2	0.25	0.3	0.35	0.4	0.45	0.5	0.55	0.6	0.65	0.7	0.75	0.8	0.85	0.9	0.95	1	
    odd-ratio:	NA	1.005435	0.2599311	0.3204705	0.236554	0.2932202	0.3232542	0.5221733	0.5161652	0.8314279	0.9959232	1.101955	1.203569	1.51338	1.628524	1.692943	1.819697	1.801552	1.677105	0.9299632	
    pvalue   :	0.9767216	0.4274161	1	1	1	1	1	1	1	1	0.5777512	7.482049e-08	8.859885e-25	6.725782e-115	2.804904e-132	8.82217e-109	5.939177e-90	1.454636e-42	5.733088e-15	0.759103	

Column 32:  UpsAcc_25nt
    Bin      :	0	0.05	0.1	0.15	0.2	0.25	0.3	0.35	0.4	0.45	0.5	0.55	0.6	0.65	0.7	0.75	0.8	0.85	0.9	0.95	1	
    odd-ratio:	0.2373408	0.4048393	0.6811986	0.6286244	0.7835555	0.9100748	0.9047426	0.979561	1.028317	1.156150	1.228390	1.192257	1.017260	1.100041	1.088574	0.9483293	1.595783	0.8528488	0.7885031	1.062580	
    pvalue   :	0.9999492	1	0.9999999	1	1	0.9999985	1	0.900258	0.04094441	2.854917e-17	3.125223e-24	9.688794e-12	0.3132544	0.0291776	0.1164630	0.6529294	0.0002752943	0.7125063	0.710535	0.3343621	

Column 33:  UpAU_25nt
    Bin      :	0	0.05	0.1	0.15	0.2	0.25	0.3	0.35	0.4	0.45	0.5	0.55	0.6	0.65	0.7	0.75	0.8	0.85	0.9	0.95	1	
    odd-ratio:	NA	NA	0.82018	0.5920608	0.4650994	0.4257186	0.4783634	0.4896467	0.518321	0.6741158	0.7726253	0.9830121	1.221574	1.355444	1.481605	1.657462	1.740406	1.821649	1.624055	1.679287	
    pvalue   :	0.8004056	0.994584	0.7153522	1	1	1	1	1	1	1	1	0.8573016	2.479331e-24	4.04007e-55	1.786805e-85	1.940859e-188	1.440818e-67	4.61261e-42	6.605094e-12	4.595324e-07	

Column 34:  DwsAcc_25nt
    Bin      :	0	0.05	0.1	0.15	0.2	0.25	0.3	0.35	0.4	0.45	0.5	0.55	0.6	0.65	0.7	0.75	0.8	0.85	0.9	0.95	1	
    odd-ratio:	NA	0.5222229	0.6183106	0.6763769	0.7417063	0.8268003	0.8492934	0.9953465	1.117207	1.079466	1.218495	1.161539	1.234886	1.308257	1.190173	1.327297	1.646315	1.780938	1.828888	1.129187	
    pvalue   :	1	0.9999978	1	1	1	1	1	0.6113102	1.905109e-12	8.018149e-06	6.372571e-22	2.105328e-08	1.840273e-09	2.393106e-08	0.006194071	0.0002471159	4.83699e-07	2.506887e-08	8.56002e-10	0.07054944	

Column 35:  DwAU_25nt
    Bin      :	0	0.05	0.1	0.15	0.2	0.25	0.3	0.35	0.4	0.45	0.5	0.55	0.6	0.65	0.7	0.75	0.8	0.85	0.9	0.95	1	
    odd-ratio:	NA	NA	0.5161707	0.2600283	0.4502606	0.2836476	0.3328088	0.3830499	0.5440988	0.6861372	0.8251042	1.058064	1.248859	1.333970	1.504334	1.744011	1.774911	1.862886	1.850378	1.421868	
    pvalue   :	0.2056288	0.994152	0.9541428	1	1	1	1	1	1	1	1	0.0001255235	3.405433e-31	7.693318e-50	1.232969e-89	8.968609e-214	3.394159e-64	9.553717e-44	1.815865e-21	2.014288e-08	

Column 36:  UpsAcc_30nt
    Bin      :	0	0.05	0.1	0.15	0.2	0.25	0.3	0.35	0.4	0.45	0.5	0.55	0.6	0.65	0.7	0.75	0.8	0.85	0.9	0.95	1	
    odd-ratio:	0.2523745	0.2250063	0.748235	0.6878896	0.7070655	0.8609961	0.9251687	0.989223	1.038844	1.191125	1.187911	1.064571	1.201767	0.914088	0.8666418	1.191924	2.099142	0.6598094	1.867816	NA	
    pvalue   :	0.9967597	1	0.9993406	1	1	1	0.999998	0.7555613	0.007150901	2.364286e-25	9.620152e-17	0.01309434	8.490503e-07	0.9179393	0.922866	0.08003731	7.612883e-06	0.8626924	0.01325278	0.8740542	

Column 37:  UpAU_30nt
    Bin      :	0	0.05	0.1	0.15	0.2	0.25	0.3	0.35	0.4	0.45	0.5	0.55	0.6	0.65	0.7	0.75	0.8	0.85	0.9	0.95	1	
    odd-ratio:	NA	0.2532495	0.2292823	0.7391868	0.5458108	0.4431411	0.509252	0.4866482	0.516566	0.648235	0.8105876	0.9714985	1.244405	1.423814	1.511301	1.694235	1.670424	1.766387	1.699625	1.664112	
    pvalue   :	0.3689755	0.9822762	0.9986711	0.9988565	1	1	1	1	1	1	1	0.9557587	7.476105e-26	2.884872e-115	2.122895e-78	3.815409e-167	2.620611e-47	5.82642e-42	7.895963e-06	0.001764893	

Column 38:  DwsAcc_30nt
    Bin      :	0	0.05	0.1	0.15	0.2	0.25	0.3	0.35	0.4	0.45	0.5	0.55	0.6	0.65	0.7	0.75	0.8	0.85	0.9	0.95	1	
    odd-ratio:	NA	0.1235577	0.5278739	0.7545133	0.7192059	0.756746	0.8786204	1.032937	1.056045	1.127238	1.209911	1.178820	1.112210	1.116051	1.388915	1.306007	1.512212	2.124302	2.011539	1.145060	
    pvalue   :	1	1	1	1	1	1	1	0.01692868	0.0002463244	2.62315e-12	1.087349e-19	3.929245e-09	0.003978955	0.02650271	4.467484e-06	0.002742080	5.337305e-06	1.013856e-13	1.616792e-14	0.04609738	

Column 39:  DwAU_30nt
    Bin      :	0	0.05	0.1	0.15	0.2	0.25	0.3	0.35	0.4	0.45	0.5	0.55	0.6	0.65	0.7	0.75	0.8	0.85	0.9	0.95	1	
    odd-ratio:	NA	NA	0.3708512	0.3694663	0.4245634	0.3771696	0.3058525	0.4031939	0.5104528	0.59797	0.9521347	1.066043	1.256721	1.424961	1.435111	1.730257	1.765318	1.981093	1.99525	1.436178	
    pvalue   :	0	0.9815088	0.990331	1	1	1	1	1	1	1	0.9786907	4.75604e-05	3.642204e-29	1.944738e-116	1.892442e-56	1.461284e-168	9.033969e-54	4.971995e-69	1.557161e-17	4.708121e-08	

Column 43:  SiteBegin
    Bin      :	0	0.05	0.1	0.15	0.2	0.25	0.3	0.35	0.4	0.45	0.5	0.55	0.6	0.65	0.7	0.75	0.8	0.85	0.9	0.95	1	
    odd-ratio:	1.406616	1.16152	1.260035	1.061999	1.052409	0.8824063	0.9931092	0.9245478	0.8003744	0.8917784	0.8761797	0.8155116	0.8731127	0.7811741	0.8773065	0.8656365	0.9837794	0.9901948	1.284349	1.44299	
    pvalue   :	9.452012e-44	2.685524e-09	2.741911e-20	0.01240702	0.02590700	0.9999955	0.5921891	0.9972465	1	0.9999747	0.9999982	1	0.9999992	1	0.9999985	0.9999998	0.7160616	0.633457	3.242211e-21	1.233143e-32	

Column 40:  Gtotal
    Bin      :	-1000	-22	-21	-20	-19	-18	-17	-16	-15	-14	-13	-12	-11	-10	-9	-8	-7	-6	-5	-4	-3	-2	-1	0	1000	
    odd-ratio:	2.545371	3.44647	2.323267	2.872409	2.725354	2.149839	2.151040	2.111157	1.950222	2.001633	1.779409	1.844431	1.646809	1.528850	1.529942	1.416330	1.267532	1.235336	1.154893	1.128510	1.013621	0.9425262	0.9098028	0.4017023	
    pvalue   :	1.336234e-07	1.066679e-13	9.334363e-09	1.301958e-18	1.819829e-22	8.479198e-21	3.123609e-31	1.086325e-38	5.899904e-44	3.935837e-62	2.338466e-52	1.336258e-76	1.152078e-59	2.806858e-50	1.003632e-57	3.019752e-42	5.074447e-21	1.514099e-17	5.86232e-09	8.183258e-07	0.3000564	0.9824984	0.9993548	1	

Column 41:  Gnucl
    Bin      :	-1000	-10	-9.5	-9	-8.5	-8	-7.5	-7	-6.5	-6	-5.5	-5	-4.5	-4	-3.5	-3	-2.5	-2	-1.5	-1	-0.5	0	1000	
    odd-ratio:	NA	NA	NA	0.1402682	0.5737522	0.9361346	1.165442	1.058787	1.275776	1.233155	1.106201	1.148357	1.196424	1.208795	1.169145	1.096009	1.118930	1.049079	1.009578	0.9529031	0.748685	NA	
    pvalue   :	0	0.9263983	0.8640086	0.9999982	0.9756727	0.8155256	0.0006570263	0.08991851	6.653198e-12	5.155342e-10	0.0008194139	3.13735e-06	2.211732e-10	1.406133e-12	1.203040e-09	0.000215461	1.924346e-06	0.01967093	0.3222514	0.9949104	1	0	

Column 3:  Ghybrid
    Bin      :	-1000	-25	-24	-23	-22	-21	-20	-19	-18	-17	-16	-15	1000	
    odd-ratio:	0.7012889	0.8180384	0.893033	0.9310883	0.9646496	1.000363	1.000130	1.010634	0.986197	1.113797	1.084308	1.199924	
    pvalue   :	1	1	0.9999525	0.9975433	0.9421726	0.4879454	0.4924611	0.2946708	0.7434084	2.889633e-07	0.0002992674	7.60806e-33	

