Size of positive set is 728; size of negative set is 60907

Column 44:  site_conser
    Bin      :	0	0.1	0.2	0.3	0.4	0.5	0.6	0.7	0.8	0.9	1	
    odd-ratio:	0.9233904	1.773447	0.9206336	0.6717052	0.4707574	0.2109714	0.5511354	1.581792	1.015799	1.371434	
Column 45:  seed_conser
    Bin      :	0	0.1	0.2	0.3	0.4	0.5	0.6	0.7	0.8	0.9	1	
    odd-ratio:	0.7465102	0.7578801	1.411022	2.201937	1.357931	0.4092098	0.5675806	0.4237122	0.995862	1.419129	
Column 46:  offseed_conser
    Bin      :	0	0.1	0.2	0.3	0.4	0.5	0.6	0.7	0.8	0.9	1	
    odd-ratio:	1.076022	1.217164	0.8569229	0.768437	0.5784224	0.5294801	1.023726	1.221446	0.8441853	1.133117	

Column 6:  Seed_kind
    Bin      :	6mer	7mer-A1	7mer-m8	8mer	offset-6mer	
    odd-ratio:	0.6928564	2.153367	1.586422	8.303079	0.4104296	
    pvalue   :	0.9999981	5.283272e-10	7.127765e-07	9.29809e-61	1	

Column 6*9:  Seed_kind*region12_17
    Bin      :	6mer@0	6mer@1	7mer-A1@0	7mer-A1@1	7mer-m8@0	7mer-m8@1	8mer@0	8mer@1	offset-6mer@0	offset-6mer@1	
    odd-ratio:	0.6231169	1.413271	2.182722	1.710885	1.561374	1.556984	8.486504	5.354871	0.419822	0.5619255	
    pvalue   :	1	0.01515586	1.493143e-09	0.05058877	3.837042e-06	0.03912530	1.90118e-56	2.452931e-06	1	0.9883057	

Column 9:  region12_17
    Bin      :	0	1	
    odd-ratio:	0.7799493	1.282135	
    pvalue   :	0.9818397	0.01356566	

Column 14:  SiteAcc
    Bin      :	0	0.05	0.1	0.15	0.2	0.25	0.3	0.35	0.4	0.45	0.5	0.55	0.6	0.65	0.7	0.75	0.8	0.85	0.9	0.95	1	
    odd-ratio:	NA	0.8046648	0.60526	1.196192	0.9022772	0.8728793	0.5740094	0.9668547	1.109962	1.090650	1.898616	0.9299962	3.796262	1.769795	1.380637	4.247733	1.49467	NA	4.652988	NA	
    pvalue   :	0.9235393	0.5860966	0.9355332	0.1073748	0.7705265	0.8826326	0.9999996	0.6092208	0.1514554	0.2249942	4.14444e-06	0.5497653	8.384835e-11	0.0426953	0.1765340	0.001516798	0.1458346	0.3709429	0.02085776	0.03501809	

Column 15:  SeedAcc
    Bin      :	0	0.05	0.1	0.15	0.2	0.25	0.3	0.35	0.4	0.45	0.5	0.55	0.6	0.65	0.7	0.75	0.8	0.85	0.9	0.95	1	
    odd-ratio:	0.6838049	0.6038835	1.059757	0.928731	0.7862785	1.588631	1.018786	1.126627	1.425634	0.894116	0.816318	0.807555	1.188429	0.6333482	2.999844	0.08832314	NA	1.848077	0.5901352	NA	
    pvalue   :	0.9884735	0.9863172	0.3274799	0.7110638	0.9502892	2.303822e-05	0.4087731	0.1564273	0.003773122	0.7264201	0.8460573	0.8296178	0.1624139	0.9629843	4.937474e-09	0.9998303	0.9996411	0.03417569	0.6559129	0.9296624	

Column 16:  UpsAcc_5nt
    Bin      :	0	0.05	0.1	0.15	0.2	0.25	0.3	0.35	0.4	0.45	0.5	0.55	0.6	0.65	0.7	0.75	0.8	0.85	0.9	0.95	1	
    odd-ratio:	0.8667366	0.9169685	0.4603981	0.9420928	0.977842	1.073046	1.036734	1.085951	0.7755837	1.514063	1.133973	0.9003997	1.156509	2.414566	0.7194113	0.6437429	1.505105	0.8648087	0.8393221	0.4276656	
    pvalue   :	0.8374099	0.6364387	0.9990651	0.6123193	0.5466085	0.2767506	0.3665354	0.2430969	0.9483267	0.002204343	0.1985336	0.6848951	0.1806453	5.989863e-08	0.867647	0.9352792	0.02351862	0.5896338	0.6260627	0.9911758	

Column 17:  UpAU_5nt
    Bin      :	0	0.05	0.1	0.15	0.2	0.25	0.3	0.35	0.4	0.45	0.5	0.55	0.6	0.65	0.7	0.75	0.8	0.85	0.9	0.95	1	
    odd-ratio:	0.4809561	NA	NA	0.7664449	1.026619	NA	NA	1.008164	NA	0.147168	NA	1.230782	NA	NA	NA	1.633807	NA	NA	NA	2.188684	
    pvalue   :	1	0	0	0.997863	0.3093846	0	0.9607974	0.4421875	0	0.9907956	0	0.009492333	0	0.8853286	0.699119	7.132065e-06	0	0	0	6.229787e-08	

Column 18:  DwsAcc_5nt
    Bin      :	0	0.05	0.1	0.15	0.2	0.25	0.3	0.35	0.4	0.45	0.5	0.55	0.6	0.65	0.7	0.75	0.8	0.85	0.9	0.95	1	
    odd-ratio:	0.4657777	0.5559238	0.6861295	0.6425703	0.9130887	0.5694287	1.595261	1.048445	0.5622661	1.124534	0.9503109	1.337329	1.430972	3.252079	1.671665	1.912552	0.8846814	2.314225	NA	1.371034	
    pvalue   :	0.9999983	0.9957537	0.9561042	0.993774	0.7590105	0.9996953	8.98318e-05	0.3309163	0.9997795	0.1985451	0.5704959	0.02621086	0.01266271	2.749202e-14	0.004258772	0.0002251624	0.5737265	0.0005559341	0.997668	0.1160865	

Column 19:  DwAU_5nt
    Bin      :	0	0.05	0.1	0.15	0.2	0.25	0.3	0.35	0.4	0.45	0.5	0.55	0.6	0.65	0.7	0.75	0.8	0.85	0.9	0.95	1	
    odd-ratio:	0.1323222	NA	NA	0.4381597	NA	NA	NA	0.9934345	NA	NA	NA	1.897487	NA	NA	NA	2.036265	NA	NA	NA	2.310820	
    pvalue   :	1	0	0	1	0	0	0	0.5151037	0	0	0	6.242695e-15	0	0	0	6.776413e-11	0	0	0	4.475831e-06	

Column 20:  UpsAcc_10nt
    Bin      :	0	0.05	0.1	0.15	0.2	0.25	0.3	0.35	0.4	0.45	0.5	0.55	0.6	0.65	0.7	0.75	0.8	0.85	0.9	0.95	1	
    odd-ratio:	0.6559349	1.184036	0.6319376	0.6811617	1.198488	1.024456	0.9248663	0.984517	1.029906	1.152669	1.071026	0.8637673	1.602376	1.205289	1.728933	0.5444067	0.6813364	1.731519	0.1742608	0.4166869	
    pvalue   :	0.9028795	0.1945735	0.9915034	0.9848974	0.05101977	0.3923512	0.7191104	0.5186462	0.3770493	0.1263496	0.2912526	0.7520088	0.002293249	0.1635696	0.005922222	0.8921606	0.737454	0.03551311	0.9774252	0.960482	

Column 21:  UpAU_10nt
    Bin      :	0	0.05	0.1	0.15	0.2	0.25	0.3	0.35	0.4	0.45	0.5	0.55	0.6	0.65	0.7	0.75	0.8	0.85	0.9	0.95	1	
    odd-ratio:	0.6466657	0.396976	NA	0.8049355	0.6630701	0.767638	0.1717206	0.8065936	3.309700	1.276422	NA	1.266091	NA	1.108894	NA	2.326953	NA	4.887537	NA	1.413806	
    pvalue   :	0.9902873	0.9999988	0.7512945	0.9624697	0.5786269	0.992352	0.9789794	0.978054	0.004968371	0.005454253	0	0.01687431	0.4142559	0.2156462	0.8153249	6.085955e-08	0.3481014	1.193461e-15	0	0.05865743	

Column 22:  DwsAcc_10nt
    Bin      :	0	0.05	0.1	0.15	0.2	0.25	0.3	0.35	0.4	0.45	0.5	0.55	0.6	0.65	0.7	0.75	0.8	0.85	0.9	0.95	1	
    odd-ratio:	0.720556	0.5930742	0.9183295	0.6995358	0.443301	0.6365788	0.9227906	1.330536	0.8986084	1.038663	1.548640	1.000944	2.038989	2.317133	1.079226	0.8689035	2.87759	4.906169	1.008005	NA	
    pvalue   :	0.7939187	0.8982934	0.6720931	0.9818023	1	0.9993551	0.7310222	0.004176231	0.778608	0.3559666	0.0003273383	0.4524015	5.540812e-06	2.501546e-06	0.3270501	0.5346112	0.0007130612	2.856535e-05	0.2613317	0.699119	

Column 23:  DwAU_10nt
    Bin      :	0	0.05	0.1	0.15	0.2	0.25	0.3	0.35	0.4	0.45	0.5	0.55	0.6	0.65	0.7	0.75	0.8	0.85	0.9	0.95	1	
    odd-ratio:	0.2494015	0.1520778	NA	0.6840207	NA	0.565728	NA	1.165440	NA	1.066899	NA	1.502928	NA	1.973127	NA	1.675473	NA	4.378945	NA	4.812188	
    pvalue   :	0.9995459	1	0	0.9993247	0	1	0	0.04049819	0	0.2379701	0	6.163988e-05	0	3.561541e-08	0	0.003275387	0	3.120580e-11	0	0.0003663047	

Column 24:  UpsAcc_15nt
    Bin      :	0	0.05	0.1	0.15	0.2	0.25	0.3	0.35	0.4	0.45	0.5	0.55	0.6	0.65	0.7	0.75	0.8	0.85	0.9	0.95	1	
    odd-ratio:	1.268821	0.529826	0.7922501	0.99237	0.658081	0.9235038	0.9371787	1.090751	1.352969	1.223215	1.677176	1.030919	0.7760675	0.5732969	0.8609822	0.6478786	0.3929713	0.73495	NA	0.4541784	
    pvalue   :	0.1812155	0.9492283	0.8281935	0.480184	0.9981547	0.7288067	0.6964159	0.1961548	0.002519287	0.04835232	3.913939e-05	0.3880217	0.8109883	0.9336262	0.5800842	0.7347582	0.8803374	0.580552	0.9926407	0.9359788	

Column 25:  UpAU_15nt
    Bin      :	0	0.05	0.1	0.15	0.2	0.25	0.3	0.35	0.4	0.45	0.5	0.55	0.6	0.65	0.7	0.75	0.8	0.85	0.9	0.95	1	
    odd-ratio:	0.4277724	0.614744	0.5951799	0.4930461	0.7138933	0.7542961	0.903002	1.327532	2.182825	1.009885	1.060023	0.9318451	NA	1.494098	2.016213	1.992241	NA	2.748169	10.39715	0.6745469	
    pvalue   :	0.9998384	0.9391717	0.9958088	0.999994	0.6030552	0.9841646	0.7991783	0.002836024	0.02336834	0.4375020	0.298607	0.64377	0.7026786	0.003055965	2.253369e-05	0.001296825	0.5214705	0.0001506770	6.241735e-16	0.8318128	

Column 26:  DwsAcc_15nt
    Bin      :	0	0.05	0.1	0.15	0.2	0.25	0.3	0.35	0.4	0.45	0.5	0.55	0.6	0.65	0.7	0.75	0.8	0.85	0.9	0.95	1	
    odd-ratio:	NA	0.7010246	0.5649516	0.500231	0.6707274	0.6385186	1.034850	0.9510693	1.031089	1.723278	1.392412	1.295913	0.9995511	2.670397	1.596358	4.522366	0.6238375	NA	NA	NA	
    pvalue   :	0.9635066	0.7749867	0.9845368	0.999839	0.9975437	0.9998256	0.3500194	0.6519208	0.3668813	3.351273e-07	0.006677386	0.05277068	0.4416681	4.081532e-06	0.07068796	2.609540e-05	0.4746576	0.4480659	0.3163527	0.3081772	

Column 27:  DwAU_15nt
    Bin      :	0	0.05	0.1	0.15	0.2	0.25	0.3	0.35	0.4	0.45	0.5	0.55	0.6	0.65	0.7	0.75	0.8	0.85	0.9	0.95	1	
    odd-ratio:	NA	0.2586060	0.1765956	0.6258717	NA	0.608295	0.5521161	1.100994	NA	0.8904328	1.716464	1.511037	NA	1.290628	3.672250	2.961380	NA	2.800753	1.674195	NA	
    pvalue   :	0.9918042	0.999306	1	0.9989922	0	0.9999546	0.9999995	0.1607773	0	0.8259303	1.684536e-07	0.0003411638	0	0.04839293	4.407402e-18	6.186041e-07	0	0.002013329	0.1218437	0.2481484	

Column 28:  UpsAcc_20nt
    Bin      :	0	0.05	0.1	0.15	0.2	0.25	0.3	0.35	0.4	0.45	0.5	0.55	0.6	0.65	0.7	0.75	0.8	0.85	0.9	0.95	1	
    odd-ratio:	1.559062	1.900416	0.4487024	0.7548803	0.6040744	0.8431275	1.021105	1.202150	1.378360	1.227893	0.9163433	0.900792	1.191990	1.683341	0.3853968	1.446769	0.9670265	NA	NA	0.4677561	
    pvalue   :	0.07891773	0.009594438	0.9945222	0.9267518	0.9995334	0.9216529	0.3958024	0.02962076	0.000965354	0.04460821	0.6634692	0.6464452	0.1832602	0.01683472	0.9492165	0.1189926	0.3975471	0.9776328	0.9895898	0.9255399	

Column 29:  UpAU_20nt
    Bin      :	0	0.05	0.1	0.15	0.2	0.25	0.3	0.35	0.4	0.45	0.5	0.55	0.6	0.65	0.7	0.75	0.8	0.85	0.9	0.95	1	
    odd-ratio:	0.3853540	0.5678879	0.3139102	0.6512941	0.7822877	0.7957197	1.015034	1.173943	1.053062	1.271865	0.8965935	1.07683	1.092159	1.664918	2.184917	2.539561	4.148828	3.135664	17.29805	0.6975218	
    pvalue   :	0.9999825	0.9607384	0.9999965	0.9936074	0.9508694	0.9485333	0.4208895	0.07483229	0.3147385	0.02052092	0.7173991	0.2896646	0.2802733	0.002554220	5.857338e-05	0.0001335299	5.117834e-07	0.002377383	9.694397e-11	0.8032888	

Column 30:  DwsAcc_20nt
    Bin      :	0	0.05	0.1	0.15	0.2	0.25	0.3	0.35	0.4	0.45	0.5	0.55	0.6	0.65	0.7	0.75	0.8	0.85	0.9	0.95	1	
    odd-ratio:	NA	0.6521875	0.2399184	0.9737464	0.4085203	0.413668	0.8173103	1.573945	1.342798	1.266005	0.8612786	2.276306	0.7321471	1.243490	3.592446	4.90579	NA	NA	NA	NA	
    pvalue   :	0.4480659	0.6718977	0.9997177	0.5258127	1	1	0.9642905	3.843549e-07	0.001700268	0.01897208	0.7936129	4.443074e-08	0.7964539	0.1964677	0.0001041588	0.0003279305	0.3324155	0.220855	0.09068133	0.2658114	

Column 31:  DwAU_20nt
    Bin      :	0	0.05	0.1	0.15	0.2	0.25	0.3	0.35	0.4	0.45	0.5	0.55	0.6	0.65	0.7	0.75	0.8	0.85	0.9	0.95	1	
    odd-ratio:	NA	0.2486313	0.2135189	0.4975337	0.5316511	0.6668566	0.7547585	0.7844778	0.9411973	1.525299	1.856356	1.557651	1.712621	3.348316	2.180904	2.040036	NA	NA	NA	NA	
    pvalue   :	0.999051	0.9995624	0.9999999	0.9998942	0.9999755	0.998704	0.9868311	0.9709429	0.658332	0.0001111303	1.128399e-07	0.0006077236	0.000310902	2.094904e-14	0.0004083197	0.01279499	0.8825627	0.4414636	0.1829187	0.1120382	

Column 32:  UpsAcc_25nt
    Bin      :	0	0.05	0.1	0.15	0.2	0.25	0.3	0.35	0.4	0.45	0.5	0.55	0.6	0.65	0.7	0.75	0.8	0.85	0.9	0.95	1	
    odd-ratio:	1.542339	2.389209	0.4698777	0.5928838	0.7304922	0.8050999	1.087527	1.207717	0.9170396	1.356165	1.344975	0.9063178	1.449876	1.255974	0.4451116	0.7200832	1.330260	NA	NA	0.4690912	
    pvalue   :	0.09167112	0.001724028	0.979465	0.9909608	0.9830327	0.96564	0.1835975	0.02282897	0.7540444	0.004844327	0.01969087	0.6149885	0.04483337	0.1766239	0.9012186	0.5963812	0.1799098	0.9668303	0.9881266	0.9244708	

Column 33:  UpAU_25nt
    Bin      :	0	0.05	0.1	0.15	0.2	0.25	0.3	0.35	0.4	0.45	0.5	0.55	0.6	0.65	0.7	0.75	0.8	0.85	0.9	0.95	1	
    odd-ratio:	0.3581164	0.4907919	0.4904047	0.5631175	0.6971811	0.8468658	0.7921036	1.123715	0.9978726	0.7622005	1.971063	0.8557123	1.202422	0.9940549	4.016083	1.894311	2.255924	5.222411	9.788671	1.337767	
    pvalue   :	0.9999733	0.9060775	0.9902175	0.9998675	0.9851385	0.8563404	0.9443601	0.1044611	0.4712652	0.9583932	9.721527e-08	0.8465625	0.1521763	0.4513006	7.58256e-15	0.001201645	0.01507143	7.326642e-06	2.140604e-05	0.1073767	

Column 34:  DwsAcc_25nt
    Bin      :	0	0.05	0.1	0.15	0.2	0.25	0.3	0.35	0.4	0.45	0.5	0.55	0.6	0.65	0.7	0.75	0.8	0.85	0.9	0.95	1	
    odd-ratio:	NA	NA	0.4559528	0.7240341	0.4731288	0.636193	0.7742039	1.310167	1.530512	1.065518	1.159738	1.890382	0.8243612	2.368901	4.073564	NA	NA	NA	NA	NA	
    pvalue   :	0.2830600	0.8839539	0.9598426	0.941793	0.9999985	0.9998843	0.9914334	0.001416129	5.197509e-06	0.2763761	0.1454793	0.0001049885	0.647626	0.004604008	0.000940506	0.648779	0.220855	0.1532608	0.09068133	0.1829187	

Column 35:  DwAU_25nt
    Bin      :	0	0.05	0.1	0.15	0.2	0.25	0.3	0.35	0.4	0.45	0.5	0.55	0.6	0.65	0.7	0.75	0.8	0.85	0.9	0.95	1	
    odd-ratio:	NA	NA	0.3638606	0.4120601	0.8280318	0.5876366	1.067208	0.5375565	0.766706	1.008210	1.464016	2.374431	1.763948	1.361788	2.823478	2.786261	NA	NA	NA	NA	
    pvalue   :	0.891962	0.9992262	0.9967324	0.9999997	0.8820617	0.9995893	0.2729737	1	0.9642303	0.4414279	0.001598001	3.034229e-18	0.0002767400	0.0631939	6.93085e-07	2.773128e-06	0.7600201	0.492151	0.1014231	0.2115391	

Column 36:  UpsAcc_30nt
    Bin      :	0	0.05	0.1	0.15	0.2	0.25	0.3	0.35	0.4	0.45	0.5	0.55	0.6	0.65	0.7	0.75	0.8	0.85	0.9	0.95	1	
    odd-ratio:	1.592812	3.015791	0.2512106	0.6705884	1.004536	0.5672739	1.327256	0.9577412	1.009945	1.467374	1.386146	0.6208257	0.9526493	1.172009	1.197087	NA	1.411301	NA	NA	0.472462	
    pvalue   :	0.07998163	0.0001955698	0.9973598	0.9584569	0.4524096	0.9999964	0.0009419172	0.6453427	0.4371766	0.0005108428	0.01408558	0.952308	0.4909274	0.250077	0.2368324	0.9817435	0.1497321	0.965208	0.988681	0.9217384	

Column 37:  UpAU_30nt
    Bin      :	0	0.05	0.1	0.15	0.2	0.25	0.3	0.35	0.4	0.45	0.5	0.55	0.6	0.65	0.7	0.75	0.8	0.85	0.9	0.95	1	
    odd-ratio:	0.3804339	0.9016524	0.1596236	0.4398794	1.148088	0.7463352	0.8443444	1.123545	0.9229314	0.9448754	1.409222	1.204892	1.555176	1.373328	1.549248	3.586088	2.201962	5.718003	NA	1.342104	
    pvalue   :	0.9999108	0.5591146	0.9999885	0.9999975	0.1568446	0.991979	0.8636653	0.1159406	0.667447	0.6617922	0.01271768	0.07793607	0.009775458	0.02610746	0.04055959	1.021621e-09	0.02244291	5.1466e-07	0.1225280	0.1052936	

Column 38:  DwsAcc_30nt
    Bin      :	0	0.05	0.1	0.15	0.2	0.25	0.3	0.35	0.4	0.45	0.5	0.55	0.6	0.65	0.7	0.75	0.8	0.85	0.9	0.95	1	
    odd-ratio:	NA	NA	NA	0.4390436	0.5627561	0.8526739	0.7777645	0.6990101	1.722751	1.466663	1.415817	1.827463	1.603538	1.853606	1.626254	NA	NA	NA	NA	NA	
    pvalue   :	0.03501809	0.6403207	0.9996817	0.9993422	0.9998124	0.9175004	0.991734	0.9997002	1.018647e-09	0.0003535575	0.009025646	0.0004994445	0.04389531	0.06945266	0.1281890	0.6182743	0.03501809	0.2570323	0	0.09068133	

Column 39:  DwAU_30nt
    Bin      :	0	0.05	0.1	0.15	0.2	0.25	0.3	0.35	0.4	0.45	0.5	0.55	0.6	0.65	0.7	0.75	0.8	0.85	0.9	0.95	1	
    odd-ratio:	NA	NA	NA	0.3884609	1.201571	0.5242421	1.322155	0.3428823	0.9327582	1.473001	1.749802	1.77222	0.9858469	2.820472	0.7969207	1.960914	9.52837	NA	NA	NA	
    pvalue   :	0.4480659	0.9999536	0.999999	0.9999997	0.0949652	0.9999999	0.01037638	1	0.6552846	5.603546e-05	1.972040e-05	3.2391e-07	0.4715724	1.310848e-12	0.5952921	0.007403206	5.087865e-10	0.5271283	0	0.1925723	

Column 43:  SiteBegin
    Bin      :	0	0.05	0.1	0.15	0.2	0.25	0.3	0.35	0.4	0.45	0.5	0.55	0.6	0.65	0.7	0.75	0.8	0.85	0.9	0.95	1	
    odd-ratio:	0.3393712	0.68883	0.4840907	0.1862257	1.192514	0.7273713	0.9456074	0.572836	0.6632958	1.091040	1.553102	0.9066922	1.211996	1.833428	1.619751	0.9042082	1.347109	2.227893	1.581884	1.031875	
    pvalue   :	1	0.9749728	0.9994756	1	0.1258530	0.9346335	0.571648	0.9933635	0.9702528	0.269928	0.002535124	0.6556146	0.1123305	2.252556e-05	0.0005996096	0.6610881	0.02571204	1.228769e-09	0.0007616012	0.3791188	

Column 40:  Gtotal
    Bin      :	-1000	-22	-21	-20	-19	-18	-17	-16	-15	-14	-13	-12	-11	-10	-9	-8	-7	-6	-5	-4	-3	-2	-1	0	1000	
    odd-ratio:	3.489397	NA	NA	7.514696	0.995988	0.5927985	2.251298	1.767663	2.098724	1.395187	1.686263	1.582741	1.160062	1.515072	1.125192	1.663350	1.690402	1.385442	1.408315	1.276615	1.233061	1.177219	0.9659376	0.5066446	
    pvalue   :	0.03493397	0.3324155	0.3481014	8.505878e-05	0.2657058	0.5011529	0.02024085	0.05898572	0.008361778	0.1131768	0.01884568	0.02079356	0.2255809	0.01719133	0.2413623	0.001338869	0.0005106935	0.02215841	0.01509183	0.0605698	0.09276157	0.1442346	0.5278727	1	

Column 41:  Gnucl
    Bin      :	-1000	-10	-9.5	-9	-8.5	-8	-7.5	-7	-6.5	-6	-5.5	-5	-4.5	-4	-3.5	-3	-2.5	-2	-1.5	-1	-0.5	0	1000	
    odd-ratio:	NA	NA	NA	1.418600	4.267539	NA	0.1794253	1.302674	1.315921	1.015551	1.084973	1.108032	0.9842832	1.449772	0.7063096	1.890717	1.206511	0.833053	1.189228	1.075917	0.7860301	NA	
    pvalue   :	0	0.09068133	0.1225280	0.1581675	0.006266872	0.998891	0.9988121	0.1257051	0.09509114	0.4113454	0.3053739	0.2646783	0.4745686	0.01344522	0.935287	1.359102e-05	0.1017760	0.8377671	0.08647755	0.2383900	0.9989423	0	

Column 3:  Ghybrid
    Bin      :	-1000	-25	-24	-23	-22	-21	-20	-19	-18	-17	-16	-15	1000	
    odd-ratio:	0.926366	1.071418	0.8387369	0.7940853	0.7248614	0.9396485	1.236740	1.020598	0.9452625	1.296651	1.007988	1.424321	
    pvalue   :	0.7198464	0.2963946	0.8577031	0.9404596	0.9888241	0.6671605	0.02715448	0.4044644	0.6213897	0.02982325	0.4362565	0.002968800	

