"rowName"	"T1"	"T2"	"T3"	"T4"	"T5"	"T6"	"T7"	"T8"	"T9"	"T10"
"Intercept"	-2.83982323137737	-2.85249650892023	-2.82313327889232	-2.84296261185098	-2.80389089458356	-2.82985769404274	-2.83479955467962	-2.83706024350451	-2.81347213807584	-2.83471861661964
"region12_17-V1"	0.268022456395882	0.278759178704289	0.276066357281802	0.266395349860991	0.257129261484312	0.255422058335908	0.267171327359845	0.273935517496639	0.258056523793538	0.258525723068579
"SiteAcc-V2"	0.0155412937824448	0.0119789579705558	0.0144714169317618	-0.00624780166222104	-0.0161526446929237	-0.0071357146422628	0.00612262558044255	0.00221163690639058	-0.0246088096393158	0.0183954017409388
"UpsAcc_10nt-V3"	0.234778018746735	0.238456450248767	0.222845499902986	0.237173132902871	0.226674473922301	0.233535754744514	0.23296486649248	0.226417433558623	0.231031739051706	0.238474965581216
"UpAU_30nt-V4"	1.45819173445993	1.44109082240519	1.42579951478877	1.42940687661202	1.42187482669549	1.44296888268888	1.43331473688994	1.43634745070664	1.43355189732605	1.4316483207488
"DwsAcc_30nt-V5"	0.110030968993092	0.0773834010076	0.0742571324836358	0.102402973305782	0.097513004611318	0.0944075730066147	0.0867844868631596	0.0937411046870532	0.097493954877316	0.0885953004113338
"DwAU_30nt-V6"	2.36975408594898	2.41382802647294	2.39156277179177	2.4128202535864	2.38283458324806	2.40695045207474	2.40067037574058	2.39676819120589	2.39073908848776	2.41712426160848
"Gtotal-V7"	-0.0481016652955078	-0.0481175870997068	-0.0481015864658568	-0.0485877444857769	-0.0483457391480304	-0.0483055853643185	-0.0478817416234116	-0.0485618480715553	-0.0481687433898575	-0.0481291209701028
"Gnucl-V8"	-0.00927920901631082	-0.00953351587040432	-0.00941843993828293	-0.0108421789256579	-0.0107888508259882	-0.0111480365639503	-0.0108618909351852	-0.0101330306486067	-0.0119209920362724	-0.00909233447783678
"SiteBegin-V9"	-0.461197023520308	-0.459890656025718	-0.461676331425586	-0.454944366183566	-0.459302831474353	-0.459363249415786	-0.456326219638852	-0.457632166463416	-0.461750517703206	-0.466190900879779
"site_conser-V10"	1.06687704523609	1.06794013071608	1.07249239830636	1.07029910635696	1.07609074701948	1.06881248637577	1.06908313904821	1.06829818987525	1.07356700828715	1.06693972829685
"Intercept"	-5.60067247133058	-5.68477347800978	-5.67384637581931	-5.67879946317032	-5.64563378120594	-5.67370133588576	-5.58876293358816	-5.68343726594233	-5.69594286831663	-5.66035616820611
"region12_17-V1"	0.799827403996506	0.865808984268537	0.895177160294935	0.885339303650985	0.884867285398249	0.906879475529952	0.805535685226356	0.888581102212512	0.945372849831058	0.897489946151865
"SiteAcc-V2"	1.61971694903275	1.74140531263713	1.75463961821731	1.76777600714979	1.72069953809524	1.7775978106221	1.78584352671013	1.85752560849536	1.77442101305927	1.79945621707302
"UpsAcc_10nt-V3"	1.31065823575803	1.25774568378671	1.37633566630105	1.27298067001445	1.35240128470534	1.31288727149024	1.27149504216242	1.25724273056376	1.28419005443171	1.18885430896342
"UpAU_30nt-V4"	3.06863445982355	3.07861996969307	3.04996809903139	2.81809806525078	2.99091809531349	2.96834585422492	2.87264884057349	2.82926356784068	2.98686839904903	3.0290333891707
"DwsAcc_30nt-V5"	2.3613224019684	2.67181645550583	2.55480755027108	2.48582071467599	2.47993348068186	2.37614222277483	2.47047274543022	2.55514364960478	2.42491186232182	2.49310214155056
"DwAU_30nt-V6"	6.79324797730702	6.70776037955756	6.64130983931828	7.06699283553859	6.76293464259986	6.91280550047467	6.78256103203436	6.87807336159298	6.92807752233736	6.79322691377912
"Gtotal-V7"	0.017228055246581	0.0211314586939721	0.0202093255494978	0.0248652242400945	0.0233172949281659	0.0217793799398759	0.0206007784582172	0.0197324636254479	0.0190305592457185	0.0233299205342287
"Gnucl-V8"	0.0819102489264127	0.0859908099242286	0.0839736652155375	0.0889947656678228	0.0917969557794828	0.0827239019159048	0.0919648897896907	0.0891271760266431	0.0928812741596077	0.0939347039336512
"SiteBegin-V9"	-0.844029150845735	-0.855968224878361	-0.820111491886912	-0.877883587083969	-0.798107873766566	-0.88218484748871	-0.845737151121746	-0.792816097134645	-0.888076638960532	-0.844129977587093
"site_conser-V10"	1.20088584821183	1.22922259151786	1.23460885125748	1.21872424577122	1.23892285135485	1.21472457796094	1.26344970373461	1.24371112798197	1.25917285500473	1.23389538070798
"V1*V2"	-0.708877061212205	-0.756640216795168	-0.839308896953307	-0.928601886086417	-0.872110599027977	-0.890591724686638	-0.898473485510655	-0.914654971051384	-0.826608846591528	-0.868142732619118
"V1*V3"	-0.212515395459437	-0.211990381303556	-0.263780802419316	-0.154354740035953	-0.239998199106401	-0.315264236425837	-0.203191062578241	-0.228310087947425	-0.284412903959427	-0.192177997487835
"V2*V3"	-0.583612073377592	-0.451711779051703	-0.760929605346735	-0.566979918920675	-0.621448554299778	-0.603335663049142	-0.602506871245712	-0.566541175121417	-0.605295154126744	-0.451426409350956
"V1*V4"	-0.0492618178323256	-0.0600807620791102	-0.0596433155911488	0.0247377064876644	-0.162350836955889	-0.098555245630939	0.0659098411908821	0.0139501277642084	-0.12327888126974	-0.12781049255786
"V2*V4"	-0.281588280911003	-0.432573028662506	-0.292768778576712	-0.0921187820998868	-0.0109576832442805	-0.115774010137785	-0.282482765520982	-0.159111990448981	-0.356165245080635	-0.368477150363241
"V3*V4"	-0.590612855448193	-0.638091355393756	-0.617282476117753	-0.495891495148887	-0.606804801366019	-0.473026718222698	-0.539631756485494	-0.459447301533606	-0.425887637119449	-0.51862949242561
"V1*V5"	-0.202366450982943	-0.359351120953541	-0.197579609677914	-0.251039863749488	-0.251596996245828	-0.130229237142895	-0.233702301166551	-0.303047280430342	-0.259033542942402	-0.253256111390958
"V2*V5"	0.125890305060449	-0.154249666241509	0.094502449836574	0.137675558365806	0.0487558521013035	0.0707800536140696	0.0876090973165979	0.018781041121922	0.274801999303372	-0.0157764051590427
"V3*V5"	-0.99956824870928	-1.10449692430171	-1.06883793244301	-1.23575202226726	-1.02445472983864	-0.954685503951522	-1.19190918951298	-0.97434388835652	-0.989915955711326	-1.05409071987001
"V4*V5"	1.45985011283572	1.45270388126659	1.24200441275097	1.50383523709621	1.42717967654205	1.41487119772741	1.59616555697921	1.49562410095383	1.38659427687532	1.55182814421426
"V1*V6"	-0.243383590791835	-0.199461757401327	-0.262654687988744	-0.361485114084698	-0.13407425544621	-0.300167736139843	-0.222884283529142	-0.248523552026565	-0.286900991403371	-0.275886549025814
"V2*V6"	-2.46369265940297	-2.34804491113536	-2.3552335244546	-2.74092925270187	-2.60634863592245	-2.63437018215851	-2.48572664050452	-2.53452082022884	-2.64801958684468	-2.40264421951696
"V3*V6"	0.00880866947371558	0.0925982808241324	0.107030591360975	0.0270516038844605	0.028772937110452	-0.0108812816184584	0.160719671518407	-0.055112430278068	-0.0384882965807686	0.0747021337739161
"V4*V6"	-2.72259148400542	-2.61307534960481	-2.51595107951521	-2.70402250782173	-2.68010027334965	-2.65095904637598	-2.7489635312461	-2.60781135529641	-2.59790620588154	-2.63141095081565
"V5*V6"	-4.25744562781013	-4.36921236838726	-4.28309648288607	-4.30055311588062	-4.27947368904005	-4.29571339364343	-4.36500563784123	-4.42570466674721	-4.33922678631169	-4.36982695025172
"V1*V7"	-0.0235871320109921	-0.0272030509256147	-0.0276190454343456	-0.0280061838223586	-0.0293133877139208	-0.0288975773005323	-0.0266793545282095	-0.0262849902772929	-0.0254494705818178	-0.0280411056050462
"V2*V7"	-0.0411044468225723	-0.0466030290630284	-0.0429732387361845	-0.0447986206993788	-0.0431438589231607	-0.0422978524951202	-0.0460966289183679	-0.0435592101159541	-0.0423620046647614	-0.0433965704276252
"V3*V7"	-0.0127223878071324	-0.00930699667832472	-0.0137603862613825	-0.0118605184103464	-0.0118479834004695	-0.0128152964369847	-0.0109008529967855	-0.0072889249604296	-0.0100263928450726	-0.00997383390094973
"V4*V7"	-0.0277872891924837	-0.0293026601920268	-0.0291871753296751	-0.0277429403634386	-0.0281385385247782	-0.026423313743619	-0.0285720678102858	-0.0275369911028635	-0.0301958659993469	-0.031020054944697
"V5*V7"	0.018363499945267	0.0183743013828478	0.0194004966902411	0.0163435796414278	0.0164716519436467	0.0203507969178645	0.0205654678081073	0.0180341482819704	0.0175947049339063	0.0170456661591912
"V6*V7"	-0.0431671807730354	-0.0439567243963887	-0.041049762400167	-0.0484735277321068	-0.0440192863128043	-0.0467653686778154	-0.0447887257685537	-0.0456298440851176	-0.0435273454241852	-0.0445308261566409
"V1*V8"	0.0258063739754097	0.0233015440191527	0.0200183946780435	0.0176809682290616	0.0260180955766708	0.0228153852196933	0.0169432449429199	0.0206722607896602	0.0189497167674766	0.0215449915976873
"V2*V8"	-0.35304221335982	-0.341536824762662	-0.353065273052808	-0.354389525202244	-0.353961312228043	-0.36060012224734	-0.358733629746256	-0.35494394326119	-0.354010328302102	-0.355338613026347
"V3*V8"	-0.00110255386764948	-0.00318806797372158	-0.00648863860067665	-0.00415458269331015	-0.00724876637147304	-0.00135046690948201	-0.00487588090340551	-0.00820962573628878	-0.000617211617498221	0.00179827915926029
"V4*V8"	0.0275658564469023	0.0234321865360387	0.0312987694122185	0.0314500396220976	0.0192197546712707	0.0275121710820229	0.0266671271340554	0.0344362974831408	0.0209153684665692	0.0172097691170406
"V5*V8"	-0.00147010785223033	-0.00999840199632055	0.00302371638392582	-0.00269306446502574	-0.00395596112668311	0.00944619580278627	0.00511803851131721	0.00388906439002055	-0.0022179569912335	-0.00269060511437201
"V6*V8"	0.0419785832962249	0.0391172301047126	0.0455175122893081	0.0377558273171843	0.0370196862418356	0.0414549127930899	0.0329706022290207	0.0326712440852507	0.0347101669652249	0.0399017940729343
"V7*V8"	-0.00327659653823375	-0.00344432108106786	-0.00327608671618255	-0.00309167288576848	-0.00333296063985085	-0.00334069919640834	-0.00341573905567218	-0.00333218812845906	-0.00316626675772591	-0.00335270471123474
"V1*V9"	0.0091707331637284	0.0214647265095961	-0.0351811312477877	0.0102533214716876	0.00244217515528808	0.0362696543124042	-0.000781673139916378	0.0210205771718366	0.0170824971455628	0.0378111253190641
"V2*V9"	0.161098401209001	0.168483451963032	0.193474979392449	0.267127984207285	0.110708900088259	0.174532777183974	0.182684475204181	0.06298480701529	0.190225179900586	0.148645320111894
"V3*V9"	0.0688321960446136	0.124451015370224	0.108159552458932	0.102800416138859	0.045611817413835	0.0937953313580318	0.079243447477082	0.0683610502504706	0.129305711813124	0.102089814423448
"V4*V9"	-0.5157591202612	-0.50423016248361	-0.516533728637645	-0.44707745053137	-0.465994029386293	-0.497258037065472	-0.48920884106222	-0.492555765624417	-0.444028533200897	-0.539282351027397
"V5*V9"	0.172559279340553	0.177899579596489	0.111343672702411	0.172840769558142	0.193754398103797	0.144138398362746	0.141189486274066	0.203454291571446	0.154886193759087	0.136387890452619
"V6*V9"	0.638784769507618	0.581597597930256	0.638985349952649	0.550259563979456	0.537725311006889	0.637391974941796	0.65049482432061	0.552482661641058	0.583548634674383	0.630139021717239
"V7*V9"	0.0022516782269785	0.00360882871226347	0.00372448338553666	0.0035465981358919	0.00213204276738636	0.0032103373238776	0.00367234722549289	0.00164903876917787	0.00457058883743427	0.00282032833570331
"V8*V9"	-0.00255496041643403	-0.00267984426216343	-0.00594422981672034	0.00184963731792405	-0.00213783467542953	-0.00305527599456928	0.00245371745501425	-0.00282937682023869	-0.00107889524486068	-0.00399057517180489
"V1*V10"	0.144822989790499	0.101693127534955	0.139266230472801	0.120651260104227	0.106218799738691	0.121381484312546	0.0706452204570751	0.107605187490816	0.106626138675674	0.137673817492925
"V2*V10"	0.208997704429262	0.200547383092672	0.180650778289667	0.219896298457257	0.212289534769385	0.20402516013796	0.201747601303837	0.140065011812707	0.18010842414244	0.14629798907851
"V3*V10"	0.053032995232927	0.0687418017908292	0.0280257081767465	0.0335677231937645	0.0531001885330333	0.0711647851167133	0.0222851307487423	0.0541197860329566	0.047824395921053	0.0272680534722733
"V4*V10"	-0.182758259450821	-0.241587903080017	-0.228536157534125	-0.20945618073143	-0.204955972468873	-0.217271986381381	-0.208069621981557	-0.244523693211154	-0.204726459970602	-0.230421909856234
"V5*V10"	0.272814776340666	0.291799560716294	0.260319710736294	0.280896355507772	0.199512119400525	0.260804534483509	0.304995660715409	0.263181511468798	0.323177416364684	0.283977096086962
"V6*V10"	-0.940005766495572	-0.884186616032554	-0.90367404001289	-0.914615502389107	-0.888196007657031	-0.903425491848998	-0.905044152031864	-0.860062144408145	-0.965092500199826	-0.87303757559608
"V7*V10"	0.00611848399478666	0.00684938224074857	0.00671158123900155	0.00664832083095188	0.00769301034111199	0.00722255823136484	0.00678170316706769	0.0051990405180004	0.0064881777814181	0.00688523287265248
"V8*V10"	-0.000529352930572208	0.00279967183556982	0.00201011137712842	6.75998727748592e-05	-0.00129478085646973	-0.00192059496781888	0.00252169821539648	-0.00204487148372522	0.00296004514740113	3.24230798468966e-05
"V9*V10"	0.463109807059788	0.480061161462608	0.492126755055043	0.485130109895738	0.503284316418323	0.475638544292016	0.478983081128692	0.474628754373685	0.482441508688869	0.448344942718505
