"rowName"	"T1"	"T2"	"T3"	"T4"	"T5"	"T6"	"T7"	"T8"	"T9"	"T10"
"Intercept"	-1.26443161951340	-1.23505628072219	-1.26633302845370	-1.20312319007288	-1.28325504323912	-1.23610057243929	-1.21917165221103	-1.24154355483896	-1.28122883844683	-1.29351586717233
"region12_17-V1"	0.154111339918338	0.144510407320367	0.204858341154157	0.144067269719004	0.213939756522251	0.153375552762450	0.203698056191104	0.165758549562651	0.21645318301768	0.191716858441910
"SiteAcc-V2"	-0.465435477162156	-0.511585421965326	-0.551612441349509	-0.638911594380563	-0.539862150052949	-0.552975125781693	-0.611194916285552	-0.520844256507954	-0.542715382611488	-0.456632673765718
"UpsAcc_10nt-V3"	0.193075089033833	0.095912423516022	0.15443771649516	0.157072385165833	0.144862767234854	0.16435685325447	0.174448508481808	0.176051329892041	0.161638811041334	0.131886899966349
"DwsAcc_10nt-V4"	0.201243893735985	0.128363628835028	0.194530232776570	0.183051240151934	0.172595922803805	0.18216863966106	0.128973750447336	0.156397838519806	0.147877223549354	0.13472245318089
"UpAU_25nt-V5"	0.658693489410357	0.686187688885374	0.676992573999787	0.633976778541273	0.611306852553507	0.632150503794862	0.620006910606781	0.628763048861552	0.660949503560639	0.700046221775354
"DwAU_30nt-V6"	2.10603041125196	2.20501528363264	2.09329202535697	2.11317669426996	2.17919331286751	2.13517023074504	2.10873154180137	2.15129519461261	2.10908446916239	2.1649158295037
"Gtotal-V7"	-0.0309146709254901	-0.0294398413117549	-0.0316616458357314	-0.0309230975394609	-0.0306517264584689	-0.0305532977455253	-0.0321684606692945	-0.0310630753702485	-0.0292766900775210	-0.0295630786681662
"Gnucl-V8"	-0.00764784004741425	-0.0156514297906800	-0.0224835355366032	-0.0217172592122096	-0.0206035778502679	-0.0204471195791635	-0.016625452085168	-0.0180543848935156	-0.0201465143640745	-0.0118661957637581
"SiteBegin-V9"	0.264900207115210	0.255998878388316	0.239887067247634	0.294469885027342	0.257440281276037	0.270102108921129	0.266415994891444	0.244922923332886	0.262495143797106	0.257541174449691
"Intercept"	-1.40035421774378	-1.52185203285715	-1.42172140646791	-1.53523042788549	-1.48441532653975	-1.46303410407217	-1.58072442332865	-1.37018827984747	-1.49925494024621	-1.62996124276223
"region12_17-V1"	0.0261771105987325	0.0284493612954073	-0.0839308407179708	0.336949128968286	0.210516979647041	0.121723011577066	0.324732739866228	-0.143280491863121	0.110569376054574	0.327841951407123
"SiteAcc-V2"	1.93532023540227	2.11735302572143	1.63899544515517	1.65763059480164	1.54695975043190	1.39590250382229	2.0990498515821	1.67301573677622	1.95556543860379	1.59936157899545
"UpsAcc_10nt-V3"	1.43812048985876	0.962730773754828	1.28521857139395	1.53340091386615	1.06850045672174	1.41335079154667	0.857183464761929	1.17504604936207	0.972294670363996	1.31595520513586
"DwsAcc_10nt-V4"	-0.416761252452577	-0.398694031016724	0.00590889839551129	-0.0480166302042743	-0.603064517326733	-0.346609670012394	-0.00553932726876659	0.0205505756976253	-0.343519754596672	-0.189619090488462
"UpAU_25nt-V5"	2.09286130966510	2.08905944911921	1.93348989485551	1.91647029782119	2.02013981289148	1.36210334083102	1.87883496924574	1.89975605400062	1.92356581314569	1.34096717703973
"DwAU_30nt-V6"	3.48750741912739	4.06162447360324	3.77552623291503	3.45977154979103	3.86656047193846	4.15174859414213	3.68023412093712	3.68527240683559	3.86555229661323	4.27426764652749
"Gtotal-V7"	0.0249402312942805	0.0382015642217544	0.02585069793515	0.0213944105003346	0.0256009384920306	0.0229069410462735	0.0222633175047036	0.0179371252890695	0.0234986482076458	0.0163088496283897
"Gnucl-V8"	0.205351848536608	0.244473871215801	0.217123233549251	0.214949221661485	0.215427189617571	0.187382564949009	0.255225761540954	0.170800240148128	0.217374724898890	0.254616263526583
"SiteBegin-V9"	-3.13796696338770	-2.77091855024628	-2.94129284147393	-2.95464799842922	-2.69012066366583	-2.66495663443997	-2.71680064887133	-2.93696574431553	-2.78914447480531	-2.53170743710713
"V1*V2"	-1.16917908710070	-0.895586311843539	-0.879982817535115	-1.41192795934329	-1.11015954924822	-0.588513102083027	-1.34306893340238	-0.569216459323241	-0.94557889010986	-0.86927230092774
"V1*V3"	-0.357720245130205	0.0551226083819168	-0.1130422267949	-0.571602049358396	-0.0744240230397637	-0.157203103695760	0.132957446224439	-0.0603860198117911	-0.190952752739946	-0.298951422768407
"V2*V3"	-3.97484572916441	-3.81159319018496	-3.51418110330684	-3.49012464374746	-3.38442017277155	-4.07462380423315	-3.70830262032942	-3.08606741571034	-3.04036894339570	-3.3965484414182
"V1*V4"	0.9225716693926	1.03958151040983	0.74834754844493	0.350693879741227	0.726744014536698	0.76385452393509	0.716252786829648	0.56365404601289	0.889528103648699	0.608915604636285
"V2*V4"	-0.504690725816098	-0.890842242399793	-0.891915289851729	0.0746259642327782	0.427904925371166	-0.708127038223487	-1.14470199270821	-0.898008237971223	-0.589841945675135	-0.624651126817412
"V3*V4"	0.0217201825225271	-0.442598769955437	-0.262125532080341	-0.277472157968106	-0.0570716909002019	-0.267632836907193	-0.412425233670088	-0.6549743337089	-0.450721514958019	-0.296589452332389
"V1*V5"	0.28326445002131	0.200375405890900	0.155807565334668	0.277127067576623	-0.112633194388638	0.285007480874397	0.118707323480413	0.170976237164946	0.0944000316559712	0.46181413380382
"V2*V5"	-1.14442136118585	-1.28069094801528	-0.390649831234213	-1.16165670973450	-0.403348584548988	0.214823511123972	-0.26715165674448	-1.43667541676615	-0.4562834441858	0.198138421287589
"V3*V5"	-0.818457528238896	-0.761960951976158	-0.729968415329448	-0.734285302866953	-0.690996341251959	-0.580039761192791	-0.694085272055902	-0.58253155181156	-0.790084697797587	-0.694595106108528
"V4*V5"	0.316116929166085	0.641412103790354	0.364537167471062	0.527072499371852	0.618737969999707	0.769335160420272	0.73116859295077	0.971496529002492	0.806831674690195	1.01726460540232
"V1*V6"	-0.116286456014403	-0.668078735527434	-0.132518774652819	-0.114424547749338	-0.0125985104393518	-0.678075837438886	-0.363365767258429	-0.182393100488654	-0.365861193100649	-0.650901378520804
"V2*V6"	-2.29877035359233	-1.97020737130665	-2.30323410029128	-1.77788696600566	-3.03970196472152	-2.10031606543741	-2.46831927547170	-1.95005872992693	-3.22928513722094	-2.79188255650244
"V3*V6"	0.139901071635088	0.557071497345536	-0.0228047409866241	0.240069603996207	-0.0718074841583018	-0.0166392157821958	0.797409698108603	-0.351258242731886	0.515551645321254	-0.0339161808898271
"V4*V6"	-0.488703467004077	-0.96014930205913	-0.759017972812892	-0.763037163774835	-0.691916685656939	-0.517792276101738	-0.791643067074898	-0.413178565786332	-0.602982746140601	-0.591392597068108
"V5*V6"	-5.01023981521688	-5.09296176099198	-5.05313434890115	-5.04513323926274	-4.92281928361607	-5.09480854028931	-5.40475889751796	-5.00960693317839	-4.99933086240991	-5.21508025947702
"V1*V7"	-0.0142094717110487	-0.0236510628085294	-0.00852623277235943	-0.0145700166332487	-0.0118996332537489	-0.0146987385808485	-0.0138502623942810	-0.00162095293191357	-0.00968133757463045	-0.0100331421175707
"V2*V7"	-0.0882839699098726	-0.0903333345449909	-0.0800842923454752	-0.0778631675263917	-0.091101311411496	-0.0949314569808628	-0.0976167415360377	-0.0920691160022217	-0.0921555964349827	-0.08306049407665
"V3*V7"	-0.00111915063003178	-0.000127113324680609	-0.00659790880544456	0.000615321982717346	-0.00162750783669952	-0.0084140233894928	0.00281317336180642	0.00883699060936054	0.00793941049300516	0.00462824823233925
"V4*V7"	0.0201947598657915	0.0207190545789807	0.0191119388801931	0.0258466497885042	0.0284009870183778	0.0251469410454458	0.0191383230900166	0.0180430082370071	0.0226033545547380	0.0286220806003221
"V5*V7"	-0.0470882529849357	-0.053820407690123	-0.0435513061351321	-0.0484713096318503	-0.0508245720843744	-0.0369481835025592	-0.0473623566025265	-0.0545130615781229	-0.0394637740491323	-0.0360250782375073
"V6*V7"	-0.00265819505308366	0.0066221791966138	-0.0140790301513080	0.00127518750022782	-0.00428243846431014	0.00503349123876381	0.0053845565919453	0.00215009554506419	-0.0106470401723967	-0.00923947303578002
"V1*V8"	-0.00984191734858815	-0.00412177078544128	-0.033003783844772	-0.02447015061583	-0.0231057947608461	-0.0066801640511133	-0.0178666719874425	-0.0301143041542488	-0.0371471281889373	-0.0240607564094263
"V2*V8"	-0.438473170245869	-0.433851930565467	-0.420922050662401	-0.408039203959182	-0.451990556610357	-0.381039360490041	-0.438796903032133	-0.288264368171487	-0.375507381167851	-0.452894538085363
"V3*V8"	0.0223665499678160	0.0426972885393245	0.0458308072518656	0.0512404166054613	0.043164828623724	0.0374982098476431	0.0183369611249588	0.00616398404711038	0.0432084349588598	0.013860883208161
"V4*V8"	-0.0766768663922304	-0.152396654552340	-0.126422001398867	-0.111883424056630	-0.0513495177507893	-0.110257727429403	-0.122231874407138	-0.0967201483368983	-0.0765277223423321	-0.121629260838060
"V5*V8"	-0.0483432535565446	-0.0604624598391332	-0.059878645827512	-0.128725396450679	-0.00250637140227529	-0.0122310965537612	0.0130347997564488	-0.0333200556814863	-0.0243487061965448	-0.0166378761713157
"V6*V8"	-0.00307401539551736	-0.0430854372775249	0.0461056663238274	0.0395773153429538	-0.0680331842194643	-0.00207122376180703	-0.106149975762605	-0.00485999533489039	-0.0640540473281608	-0.0272620494740471
"V7*V8"	-0.00551441689126242	-0.00529877656828903	-0.00434072735937948	-0.00534690384701212	-0.00593905577194954	-0.00522370322771566	-0.00708519106942261	-0.00456036314231951	-0.00384675352205643	-0.00674589354658959
"V1*V9"	0.432762469433848	0.360599176378431	0.553123825682713	0.513649571819081	0.253119570652627	0.266479415051163	0.149136245504666	0.506752449082745	0.400364854668196	0.129806840008135
"V2*V9"	2.09152614039817	1.17412335385407	1.41130341159688	1.63194380844307	1.48896727346775	1.18219340376395	1.55005089797807	1.42152498186818	1.24689764446390	1.32030117225121
"V3*V9"	1.47681220313804	1.42684164413917	1.31018951010386	1.38012544030344	1.40556377028742	1.39250763811076	1.26517338573988	1.50045083368603	1.52359135455923	1.33142420901619
"V4*V9"	-0.210965020043934	-0.0087905162227343	-0.219804277611261	-0.221673554155170	-0.156946931635186	-0.168460846273949	-0.196504510682342	-0.398788555436076	-0.298695924275501	-0.527680840435412
"V5*V9"	2.26692590881553	2.32805215391186	2.14776479739744	2.14427634205122	2.14614495580578	2.35277515652628	2.37322920574519	2.34174272232635	2.07242661801110	2.24281334857427
"V6*V9"	2.94421084971542	2.68163245916921	2.90878002025172	2.94117847720057	2.78444102081591	2.70139401321306	2.90382328901961	2.83344040865655	2.95951805916057	3.04493084716571
"V7*V9"	-0.0262512914661039	-0.0361857294861201	-0.0325902594961514	-0.0326334025548156	-0.0330829048015961	-0.0276808159369921	-0.0286512913089582	-0.0340882016135215	-0.0302127767152913	-0.0322939699927614
"V8*V9"	0.0581795464811968	0.029046528261803	0.0216074704836337	0.0401866820712916	0.0312003207080938	0.00346641513713819	0.0184960109225619	0.033291448941338	0.0234950688319797	0.0174360762899987
