"rowName"	"T1"	"T2"	"T3"	"T4"	"T5"	"T6"	"T7"	"T8"	"T9"	"T10"
"Intercept"	-3.98273804222564	-3.96278376056266	-3.98412269665124	-3.98988192594579	-3.95074664256743	-3.9095810509786	-3.95704542440795	-3.93838049855117	-4.04142567637211	-3.95940856498841
"region12_17-V1"	0.0193459869906489	0.0276067650585346	0.0133396580532579	0.0093926802533182	0.0226498788874607	-0.0156221406104335	0.00390902547085135	0.0365551462525726	0.076350830699114	0.0192597945619485
"SiteAcc-V2"	-1.07075464199756	-1.07069483079136	-1.04132103868841	-1.03320821761836	-1.11796552153777	-1.13196346943579	-1.09724587286124	-1.11301032146008	-0.99021338979292	-1.01811199388585
"UpsAcc_15nt-V3"	1.73026613685415	1.73244404364507	1.73302050127585	1.73112741878790	1.71769543547265	1.74991030671914	1.70602233102929	1.76683338168439	1.69632504796677	1.69527590809613
"DwsAcc_15nt-V4"	0.482617105343184	0.449307880895817	0.516934609490882	0.51805714828916	0.509912607022804	0.514482504326841	0.490170199077141	0.467796518838132	0.490691075840035	0.484188690442704
"UpAU_30nt-V5"	5.06629102399297	5.16913913525268	5.09964620940122	5.0894185477224	5.08405961523341	5.07256117168406	5.11533011771161	4.97684089349338	5.07082952728614	5.05876383620862
"DwAU_30nt-V6"	1.26317745495697	1.14279521929857	1.19275083735435	1.22664947357133	1.17579040922443	1.20369164280818	1.23280925650246	1.24782350262476	1.25943955885934	1.23603480271152
"Gtotal-V7"	-0.0568449789680178	-0.0566689636860194	-0.0568001538497382	-0.0570075957008698	-0.0574828095919795	-0.0574149754219255	-0.0579834043792004	-0.0577557531734341	-0.0559340107050393	-0.0564667869151081
"Gnucl-V8"	-0.0110958926311030	-0.0141523984783906	-0.0109258090846041	-0.0135272133145976	-0.0185507124376299	-0.0152005136456398	-0.0119900844389217	-0.0112635469950761	-0.0091860625172416	-0.0121382371521198
"SiteBegin-V9"	0.500923702127659	0.477649843467219	0.498212194568183	0.48425758868843	0.499996834312448	0.461852662372281	0.492617461799892	0.494701825938636	0.481645369680957	0.472465372953995
"Intercept"	-10.0308453071089	-10.1823617852513	-10.4699358482142	-10.1826950038385	-10.4341327387306	-10.9586123787786	-10.1118670593902	-10.2738983155843	-10.2869942457847	-9.99084017770076
"region12_17-V1"	2.02590551061644	2.26413698930517	2.30713675847802	2.02986985312265	2.47733858132122	2.91606133430238	2.19054752100447	2.22437453867922	2.32068982353686	1.894147548255
"SiteAcc-V2"	0.562932731902724	0.601682720988623	1.70836199975139	0.83919258309672	1.72022983117103	1.45558494375427	0.452624864286098	1.08674107490521	1.19769226730189	0.66166483122964
"UpsAcc_15nt-V3"	5.75203366629522	5.77624535001434	6.23948372880423	6.03648847611183	6.738345931209	6.45380787610339	6.03674144482119	6.14423941422771	5.94529111694787	6.16925960948443
"DwsAcc_15nt-V4"	1.46678499164307	1.92183786350007	1.37626064464474	1.78394734389086	1.69195785822380	1.8213656118393	1.23128891134109	1.52629700505907	2.07558238562598	1.84636999554241
"UpAU_30nt-V5"	13.7361465843896	13.5271313011382	12.9724549678438	13.5873821901703	12.6748528945616	14.0727136454845	13.3186714054497	12.9172773762029	13.6351503451369	13.3647751072256
"DwAU_30nt-V6"	6.8081209053117	6.73888385170516	7.5648286322785	6.89785818851665	6.84386860716711	7.06099709410712	7.38242801318145	7.68630022380473	6.21681963456974	6.68954787376252
"Gtotal-V7"	-0.0189675464389413	-0.0171204423123836	-0.0146227956585652	-0.0190826176706029	-0.0163168901201976	-0.0156174595996103	-0.0233597044275605	-0.00944960551279253	-0.0089536541347491	-0.0276578191520501
"Gnucl-V8"	0.0986115011356479	0.0955572671433196	0.129375137362632	0.106226809142525	0.132897618719778	0.112090886704698	0.0460778077930384	0.110037425597344	0.101309534324862	0.117231453568463
"SiteBegin-V9"	1.86604345307437	1.96227746968649	2.04661898730415	1.86091444093637	1.99649359550373	1.97771009449896	1.66818101194835	1.85952643087398	1.8568305198373	1.79812390240499
"V1*V2"	-1.09950666657656	-1.65491159923410	-2.03841381741054	-1.25100125587367	-2.0706762979221	-1.71796899880647	-1.33315159814745	-1.56340772384701	-2.21664427696667	-1.28008953754416
"V1*V3"	-0.826630023181056	-0.888758737457038	-1.05848680884317	-0.964384358485662	-1.60652756625995	-1.43913062368632	-0.972649621795489	-1.14418644816668	-0.911151557150413	-1.15864449878020
"V2*V3"	1.78997169127338	2.43397406184078	1.69053354127091	1.92146419173821	1.89539623241967	1.74347896497708	2.07809255100706	2.03061312039028	2.11628629721751	2.07938484129565
"V1*V4"	-0.280146835767872	-0.398339628891040	-0.306291335606525	-0.595123275136961	-0.43206197096005	-0.500158395158306	-0.0699059090237974	-0.274057546447033	-0.748506434113319	-0.385408110431891
"V2*V4"	-1.03331584470512	-1.29607777344108	-1.00441287004992	-1.25714535092831	-1.35291247305419	-1.49305203490087	-0.608351681785882	-1.05502932589024	-1.17152514075511	-1.15978581215009
"V3*V4"	-0.663894070636452	-0.776102883939524	-0.433618148703634	-0.706765938999308	-0.883591636667672	-0.80209000335855	-0.566444290130274	-0.809441410025312	-0.623297068297829	-0.652478620869922
"V1*V5"	-1.99971482444358	-1.79250738586067	-1.31896301315702	-1.71493046607652	-1.18828627632715	-2.21754711085317	-1.81194370501393	-1.24818909059209	-1.84239075945116	-1.42537665863588
"V2*V5"	-3.92274240981411	-3.58593257083322	-4.07272926366475	-4.23038727182856	-4.10872364710599	-4.05047730477357	-3.25924636751404	-3.88446959114756	-3.45969315028553	-4.5528575554053
"V3*V5"	-5.54603320825512	-5.78253206840191	-5.31261342431946	-5.73265656374222	-5.57201509186336	-5.64960449574312	-5.81847673728819	-5.81911231416155	-5.77692814307402	-5.62846036244459
"V4*V5"	3.75006625841554	3.90382747982783	4.0329799391725	4.03513555576315	4.14555395247589	3.55185786287498	3.67189249328927	3.9580283751282	3.37096847923236	3.83023454016421
"V1*V6"	0.00357278900242243	-0.00211778345757298	-0.392628872504016	0.131598021460192	-0.235372744305402	-0.417879945812821	-0.578192119224057	-0.651313845719494	0.53475370404338	-0.0130256095446259
"V2*V6"	1.08066617821810	1.30029350646189	0.744218480670225	1.27621832880950	0.92170608581054	0.947031952753268	0.451354995268724	0.656080506382798	1.26423216019864	1.87894854288606
"V3*V6"	0.43450607010035	0.4240909763948	-0.351652883952206	0.439389889359215	0.0335467569458729	0.511779129316457	0.22448634313842	0.457350987083717	0.137604120944370	0.0637773426948499
"V4*V6"	-3.57158834243404	-3.91005650878515	-3.72938937005456	-3.67874291149051	-3.48833363348418	-3.14611473016895	-3.67706453745993	-3.7413329609987	-3.32988394616938	-3.96007931913664
"V5*V6"	-9.29705787802938	-9.39147785386889	-9.17961167593323	-9.61713953072301	-8.91940576794531	-9.3521926764811	-8.91119832788878	-9.3799820685788	-9.2498464745708	-9.16118630484112
"V1*V7"	-0.00344130405237534	-0.0103214823444490	-0.00281785745679735	-0.0041516929629785	-0.00814101040486737	-0.00778584499693008	-0.00291590161241522	-0.0113029040054264	-0.0176855732964341	0.00206865852342010
"V2*V7"	-0.0800179309293874	-0.0852263851587374	-0.0911019526486789	-0.0790477901209655	-0.088298357775371	-0.0855032659485268	-0.0883727625230974	-0.0858171424702081	-0.0843486110888952	-0.082028850232554
"V3*V7"	0.0115723223910889	0.0150583598614806	0.00308596345309012	0.0109231560325221	0.00666412376231768	0.0131532857496641	0.0137246226634466	0.0098173051675261	0.0164005729328962	0.00428465938174379
"V4*V7"	-0.0220174137571106	-0.0237227842684963	-0.0237075798632716	-0.0253964842971236	-0.0217953783358285	-0.0275169483434243	-0.0244493808753271	-0.0211503751072853	-0.0266157633102613	-0.0236156400656733
"V5*V7"	-0.0185673537915819	-0.0135150029019037	-0.0146692659626936	-0.0213242719824759	-0.0182779895279751	-0.0188180742657051	-0.0175400894616347	-0.0145621781944087	-0.0190239555621720	-0.0158575602668575
"V6*V7"	0.0130343370062708	0.0181002877984369	0.0133084053079405	0.0160235420135788	0.0248055811308966	0.0158356949534452	0.0217549481834381	0.00745925282651314	0.018724707029852	0.0227802925005861
"V1*V8"	-0.0221350847545128	-0.0442694062520472	-0.0498315829286922	-0.0275160280914567	-0.0568155649486368	-0.0319457340523140	-0.00803158720529973	-0.0337639350893551	-0.0591064071696081	-0.0424946450383371
"V2*V8"	-0.389656030663897	-0.361662906006979	-0.377141756262633	-0.369641756218527	-0.352636795631109	-0.384259136948904	-0.342817294651651	-0.372316604263269	-0.362548680662125	-0.39211279984225
"V3*V8"	-0.130234127910603	-0.125544500734618	-0.136825839661511	-0.134574492460668	-0.143700570126967	-0.150771790822263	-0.135470823502482	-0.129978284123284	-0.138543016962536	-0.125701278716885
"V4*V8"	-0.0273737153632629	-0.0127975209725694	-0.00757946186226873	-0.0386821834075737	-0.0191504858219417	-0.0244537989554758	0.00310725339402869	-0.0207471286503468	0.0102443517090215	-0.00379297046260450
"V5*V8"	0.182981349729390	0.199567332283847	0.192544758048413	0.157168917497150	0.202242401898443	0.192336040195267	0.214664430833656	0.183692016893177	0.175534249199265	0.165299229805033
"V6*V8"	0.102320813571763	0.081799660726175	0.058452054235279	0.12149194097395	0.0228905078209997	0.080121097144531	0.0666293338705316	0.0566334515629834	0.103800550059218	0.0793902913330525
"V7*V8"	-0.00207842838315280	-0.0022924798679498	-0.0025679614875412	-0.00235117254591388	-0.00210186638821272	-0.00283705146309745	-0.00182646981230266	-0.00247749346507014	-0.00230394451369545	-0.00297930412698693
"V1*V9"	-0.339810983443029	-0.53602891420527	-0.390351614362555	-0.324827552139867	-0.446552404704914	-0.435545253496453	-0.152818479946684	-0.297374364459585	-0.38450063614864	-0.206222671437127
"V2*V9"	-0.410527627402899	-0.297862871384021	-0.383748842724908	-0.349309525452916	-0.457539168954851	-0.491652206221684	-0.357170111643036	-0.466649835345011	-0.230668334298241	-0.419187411739426
"V3*V9"	-2.37247975263107	-2.4105693881973	-2.52771033906293	-2.56933873390775	-2.4608938924787	-2.47801223801668	-2.53569421876025	-2.30543065384894	-2.43540973362911	-2.42528777030099
"V4*V9"	-0.53725273555033	-0.772044972291331	-0.54556439108403	-0.533477438059234	-0.679265261390629	-0.534511396669585	-0.554835378674648	-0.586746467302007	-0.566653054456007	-0.642376109458804
"V5*V9"	0.430956111577881	0.638742031097501	0.391197817422722	0.645354105095563	0.635596375216527	0.609114370715853	0.564060801357424	0.614205781319443	0.433301612612122	0.392154541664471
"V6*V9"	0.248526464495596	0.305654567965704	0.123237354813512	0.0668132811177759	0.220147118211692	0.0899376105295622	0.333868601100218	0.0484302910746926	0.328893427128341	0.295378575075307
"V7*V9"	-0.00723765129314391	-0.00646470207711374	-0.0064036926619821	-0.004442220219206	-0.00723184385162393	-0.00452053058621587	-0.00459818688079583	-0.00859066582228602	-0.00269783593291742	-0.00463074450560446
"V8*V9"	0.0240285644403020	0.0266209478660146	0.0231536218241193	0.0143171170254056	0.0331886363869201	0.0254172122377349	0.0443804773311155	0.0424528280508535	0.0470486159227772	0.0364185752509477
