"rowName"	"T1"	"T2"	"T3"	"T4"	"T5"	"T6"	"T7"	"T8"	"T9"	"T10"
"Intercept"	-3.67572780152527	-3.67355981949675	-3.69409898071957	-3.70909765351476	-3.69384335691798	-3.68359351060437	-3.7201519062473	-3.69770121033147	-3.69361571877036	-3.68269700138199
"region12_17-V1"	0.260194660678506	0.261926326326551	0.264320642957518	0.269919470649257	0.276399216277456	0.267155072887785	0.278031574555497	0.262312646224085	0.262144355620663	0.266048889450501
"SiteAcc-V2"	0.101785594111387	0.0932757070281292	0.117834178170582	0.107032785873484	0.0649110408097942	0.0751168747852497	0.105504243895324	0.091207298647229	0.118270385194774	0.0786377197000904
"UpsAcc_10nt-V3"	0.262174455737586	0.267480793174655	0.25208539948698	0.268245474233695	0.25706130615131	0.269972653769309	0.273138904771446	0.26179088625542	0.258324147906378	0.266151739384851
"DwsAcc_15nt-V4"	0.562330918121258	0.558208743907867	0.560943826655423	0.570301143617236	0.569562607720098	0.569349124525392	0.570125914912771	0.568129025185125	0.563030595266183	0.575358649761732
"UpAU_20nt-V5"	1.85791884232589	1.86394581041336	1.8816128216878	1.86784572480452	1.86415840307165	1.82975645078941	1.86996732977475	1.87249186405283	1.86146528637421	1.83273609694766
"DwAU_20nt-V6"	2.96043256716754	2.9733808647171	2.98883739379723	2.98141013247187	2.97469693935503	3.0045551778186	2.98659186891055	2.96393172234158	2.97230568334126	2.98341202326723
"Gtotal-V7"	-0.0450806040156172	-0.0447684235961598	-0.0448607378090773	-0.0439372264762753	-0.0444511729405791	-0.0446688317700336	-0.044072679615489	-0.0443256953280564	-0.044101645182136	-0.0442933775942159
"Gnucl-V8"	-0.0418706220601176	-0.0427976962854188	-0.0422804569332811	-0.04331298994362	-0.0452323838026649	-0.0450210469763992	-0.0414847317472766	-0.0431574741355078	-0.0425621633329828	-0.0430604177139123
"SiteBegin-V9"	0.225148889673843	0.22438540635416	0.230116213273687	0.220959412619338	0.234333660230818	0.232357475543672	0.231645608680884	0.23425174514702	0.230364110192205	0.228049485275112
"site_conser-V10"	0.615389161454298	0.602184970535024	0.598167606241786	0.619563295215769	0.613617947130225	0.603682442657837	0.615948804173286	0.623337925127796	0.615818920604171	0.618004102473316
"Intercept"	-6.01067777504338	-6.02980382265628	-5.9806587902434	-5.93380064341993	-6.03413536406877	-6.03126429547206	-6.00072059674299	-5.97053045188638	-5.9811974581765	-6.05791256544135
"region12_17-V1"	0.654260704012735	0.785962445068199	0.705343383778512	0.677483037279744	0.707153256446213	0.686834394064202	0.675208825809736	0.659033949350497	0.674403775752207	0.763436807315009
"SiteAcc-V2"	1.46621884663573	1.52298921357903	1.3774893933434	1.49601116989847	1.57448965750776	1.52596142388755	1.31489770522954	1.51257344589055	1.53140857032598	1.4095305068175
"UpsAcc_10nt-V3"	0.168740590798426	0.216372276610151	0.222438002598941	0.0935205791801376	0.252780552739887	0.19858293098176	0.30708628471493	0.160213121391712	0.287234729149717	0.191199576114088
"DwsAcc_15nt-V4"	1.39835893041373	1.33122593434305	1.3743350829832	1.15265140052869	1.30679892312515	1.22695307408468	1.36811705409994	1.379233364297	1.43198330583124	1.47120541685695
"UpAU_20nt-V5"	5.02230902110106	4.87184068582848	4.80688458214605	4.89758425067204	4.89360736236558	5.07357375570849	4.73141384071278	4.70234621625547	4.64377302540238	4.89019153361609
"DwAU_20nt-V6"	9.1982991378254	9.2296377046918	9.26852369575241	9.22656610476327	9.3111234766404	9.28146136027269	9.32763782459068	9.32091757399192	9.26592219178457	9.21943831625148
"Gtotal-V7"	0.038036554409896	0.0392353338812808	0.0384224314843821	0.0367268883792345	0.0403518939409081	0.0409745385199059	0.0378727468630226	0.0411648437327484	0.0363986160570746	0.0382005172826408
"Gnucl-V8"	0.190659966732085	0.196267941137414	0.193370661310039	0.205691334588682	0.198069538632389	0.191540355353044	0.192265775649038	0.183368364299119	0.194246541794837	0.193994622761533
"SiteBegin-V9"	0.0177814898205659	0.0171506473398331	0.0175355642053344	0.01983750435467	-0.049827883867083	-0.0948311830023877	0.0297851156764072	-0.000968308320700709	-0.00188611245906627	0.0157679885315166
"site_conser-V10"	-0.0157301398895383	-0.0333579634742692	-0.0483712771617209	-0.0457340605317439	-0.00387784358754425	0.0216042789319683	-0.0115387639588788	-0.0392525999400606	-0.0355888585247441	0.0351415885370718
"V1*V2"	-0.551485158480005	-0.657636789717547	-0.629796667212724	-0.589400963297686	-0.672488689799728	-0.572052837078787	-0.494339157623467	-0.585749744403289	-0.61991018940761	-0.59464788506114
"V1*V3"	-0.026776915446732	-0.0518793205243814	-0.0837698447311539	-0.0183979545950066	-0.0350333340949559	-0.0523124554361333	-0.112577737876948	-0.0187923327819176	-0.0504212468037348	-0.104130243519515
"V2*V3"	0.609282380912878	0.488476519027788	0.612721158716016	0.582046054808615	0.428109712142948	0.397255712280464	0.55612516536367	0.553513009638132	0.502793476912869	0.407594464403388
"V1*V4"	-0.120723487866423	-0.147355054225843	-0.0691192994813749	-0.0933748928787601	-0.0934984900837279	-0.0807658340913575	-0.0798446675172757	-0.166128806836202	-0.0564727397505433	-0.142693596291528
"V2*V4"	0.310137008627794	0.306589648875466	0.0961010583028016	0.460059941134149	0.371343343700222	0.640525746181424	0.4612991687104	0.435195938947261	0.258613848179265	0.421734660482742
"V3*V4"	0.116003024803304	-0.0167138135180443	0.0576604837028061	0.162702214379305	0.123159397137499	0.0529145588997897	0.100189704394602	0.109219419686358	-0.0422503770126049	0.104993258216404
"V1*V5"	0.035996919558917	0.0715277953682434	0.118357317327942	0.0512714130540137	0.111813341078123	0.0624995438824445	0.174583408877989	0.194481231454721	0.0699483839921441	0.0461991508217964
"V2*V5"	-2.31908251319277	-2.23963855282877	-2.07522094425619	-1.90947197438367	-1.95009358635165	-2.35308233640581	-1.89942539181024	-1.85230715808893	-1.73920481965329	-1.93515855489049
"V3*V5"	-0.283169985681681	-0.276409616625247	-0.273648893100828	-0.166229669415261	-0.461452396380351	-0.28891363324024	-0.241113796648692	-0.305237260380399	-0.355558693749143	-0.257445040379272
"V4*V5"	-0.0662040852887534	0.316242557196824	0.0567314033301128	0.107074899174992	0.113987370795216	-0.0960587415762483	0.0904286433191565	0.0919456760395879	0.095900662859615	-0.117165243181422
"V1*V6"	-0.348639061580558	-0.495458274457236	-0.447259686074409	-0.401891135719093	-0.465633614558296	-0.3491236457434	-0.470357769887749	-0.376543194452121	-0.440340199162191	-0.379607016931268
"V2*V6"	-3.01065438476543	-3.05511862297754	-2.83201763412555	-3.41724876846689	-3.30398998198653	-3.31385581059815	-3.25440657688005	-3.5578264183053	-3.28863752702749	-3.25757726630941
"V3*V6"	-0.610081060492136	-0.385606191187888	-0.738563045079393	-0.675108127172144	-0.474103051243145	-0.374434522754863	-0.590708625432886	-0.591333608734804	-0.525164954443522	-0.456333069672464
"V4*V6"	-2.85738917117622	-2.89647005879045	-2.86259452406083	-2.68611960494956	-2.91580931041015	-2.85726866921914	-2.95252524807102	-2.89865805032087	-2.96023195354832	-2.78276854621996
"V5*V6"	-5.52636039913987	-5.5784697926421	-5.42078346525624	-5.59252158839635	-5.5947239283304	-5.57734805687821	-5.53642504795663	-5.51116262282795	-5.34370889734747	-5.53162796632436
"V1*V7"	-0.0145303294045037	-0.0162330491363463	-0.0172628299273647	-0.0145140452767713	-0.0167856445283039	-0.0159894034712531	-0.0159317968390982	-0.0155059106215284	-0.0155950538390639	-0.0154933274498707
"V2*V7"	-0.0675190399838796	-0.0700408119217815	-0.0671099757778842	-0.0672581336297777	-0.0698722683738365	-0.0705490825176917	-0.0699084853944027	-0.0696994359350166	-0.0676148318721799	-0.0667829005227652
"V3*V7"	-0.0196947769170493	-0.0241586057567264	-0.0187106394839853	-0.0201958564786134	-0.0211347172116036	-0.0211661906698813	-0.0203467211570296	-0.0189670777057219	-0.0197765826205667	-0.020633623813622
"V4*V7"	-0.0324980859588738	-0.0344824989919968	-0.0318000611863495	-0.0295120723368041	-0.0320729377007155	-0.0292457571356684	-0.0302076265537909	-0.0297176696462229	-0.0341120538620006	-0.0326144835164881
"V5*V7"	-0.0377442031483773	-0.036697515035304	-0.0359064956536888	-0.0344007372840012	-0.0343726539910283	-0.0364468909538189	-0.0343830360600002	-0.0374058778219776	-0.0319333482670567	-0.0315512063124007
"V6*V7"	-0.0258741848897402	-0.020900186876476	-0.0246993339663933	-0.0269212832702554	-0.0245849488505972	-0.027419594152046	-0.0233683736986184	-0.028841121678866	-0.0250692275628406	-0.0253561801152897
"V1*V8"	-0.00754288347157556	-0.00788033872677819	-0.00602541953498236	-0.00307823166029023	-0.0147661227462408	0.0039293847727131	-0.000134525999172575	-0.00427772904548343	-0.00733003153218616	-0.00685714892367372
"V2*V8"	-0.440158151965798	-0.443727269295967	-0.44740743127154	-0.452562465006116	-0.422422045010235	-0.438737785178623	-0.453609349133702	-0.432935493659928	-0.436145407318969	-0.44097640976657
"V3*V8"	-0.0102112645722905	0.00436427188408465	-0.0124619640374486	0.00513829126396649	-0.00649573045817086	-0.00822522948090932	-0.000605677793501316	-0.000522516186571033	-0.0142386152597262	-0.00934418223219812
"V4*V8"	-0.0303237763639525	-0.0331173583445239	-0.0464383816137597	-0.037067957422348	-0.0380824389864923	-0.0276276974307366	-0.0289059316800391	-0.0283165394998453	-0.0260336845743667	-0.0278016360414051
"V5*V8"	-0.0485939614437563	-0.0476142843572918	-0.0458047387179468	-0.0491612603608654	-0.0484636075547406	-0.0677566104025851	-0.0363729092548678	-0.0267729368411739	-0.0355548415933895	-0.0535468861386529
"V6*V8"	0.0348750764312592	0.018057086664677	0.0508663110036928	0.00983972411730487	0.0168765564697625	0.0358630050906502	0.0270169535908613	0.0257928057187939	0.0226179303955021	0.0336113825295761
"V7*V8"	-0.00372608564997522	-0.00392143687424586	-0.00364301058463661	-0.00384252562411386	-0.00363133612553191	-0.00360470832105474	-0.00371892524657558	-0.00361639893456348	-0.0038266922599942	-0.00354140531962747
"V1*V9"	-0.0176217510457551	-0.0472504380993012	-0.0329891352198229	-0.0107989192727681	-0.0249784068645787	-0.0253573591062388	-0.0100527156362656	-0.0479477106514725	-0.0256143804895425	-0.0252239238157221
"V2*V9"	-0.100119614137529	-0.173500645418442	-0.10916189217093	-0.126544767512187	-0.0356887711449865	-0.0721814343826093	-0.112825277389537	-0.0611592981287179	-0.210530130941053	-0.0571374116919563
"V3*V9"	-0.123084273491741	-0.103421768853513	-0.0776164535642799	-0.104748210414458	-0.101875790210006	-0.0629719037703367	-0.159218883277295	-0.0478920584955267	-0.064296417470277	-0.0927804488458443
"V4*V9"	0.13474036583907	0.0899208675167845	0.0933315064074803	0.0941997022264457	0.1235495743399	0.215868975587862	0.0761093819586517	0.0855864191395451	0.0473426102240097	0.0440528603751864
"V5*V9"	0.402412877550177	0.52094966729407	0.435454100531289	0.354578312463612	0.482446045091904	0.446942980910935	0.430605880634648	0.460748271778226	0.415564243527796	0.378276974349484
"V6*V9"	-0.364129977492903	-0.405964846201765	-0.327574083650834	-0.3306919711096	-0.337281756478986	-0.346740410195999	-0.34592226630116	-0.395676304136283	-0.262357380586661	-0.302085639191605
"V7*V9"	-0.00501144226240179	-0.00483195865923924	-0.00632127105726952	-0.00564907043720616	-0.00549929337362584	-0.00573709812686574	-0.00590404070582531	-0.0054933702235758	-0.00590071604687771	-0.00768550362028411
"V8*V9"	-0.000309202387095281	-0.0085385609204356	0.00174516034620159	-0.00788053224126944	0.00249266532229027	-0.00615927971864015	-0.00318921599761099	-0.00734065226867402	-0.00769371514108428	0.000422565694735573
"V1*V10"	-0.0148339482154649	-0.0163734713456486	-0.0164554601695936	-0.00344063502002579	-0.00441181906046064	-0.0317911510125745	-0.0259205403762278	-0.0390126120372911	0.012958845888897	-0.0545889281295711
"V2*V10"	0.687258904420136	0.789463220089805	0.74106954805916	0.628204344748416	0.626155246948234	0.730114576027978	0.642153356473652	0.647471035029925	0.670088959533214	0.703148043168553
"V3*V10"	0.343711995096697	0.3069991140728	0.393399305610252	0.406243613219293	0.34328617553105	0.295752548940999	0.308785794553835	0.349840620897937	0.296378331152677	0.37044560746899
"V4*V10"	0.492366432057812	0.474517254828894	0.522124317555522	0.485965349559184	0.473330977976294	0.522422664130666	0.441286821174591	0.481826407819343	0.516117777916028	0.438239369622215
"V5*V10"	0.301793649004094	0.189250444223431	0.253817981563273	0.190666580163994	0.21391795682654	0.177940281569735	0.256609401290124	0.267180947276015	0.333050595354291	0.269099046554598
"V6*V10"	-0.551287770826204	-0.464435890093107	-0.572309731546972	-0.397597333784357	-0.466071799798657	-0.550161032218451	-0.417865677030725	-0.41169911219687	-0.583425639928506	-0.548390518388362
"V7*V10"	0.00181524233658371	0.00269295877454353	0.00253330155237072	0.00234666501956854	0.00118483603671366	0.00146561719802011	0.00199023951718796	0.00104895671691841	0.00340185016009684	0.00177722210687019
"V8*V10"	-0.00968687517980364	-0.00716877959607756	-0.0143818588352613	-0.0125486230469214	-0.0139656394924982	-0.0140169835580997	-0.0173877285924241	-0.0182152452286057	-0.0137141631518431	-0.0132339258805558
"V9*V10"	0.271562781215218	0.286736483760705	0.256292462719878	0.274587307363269	0.279000498652972	0.294431268371658	0.275969810735804	0.276721773834729	0.292784274648859	0.270357869936264
