"rowName"	"T1"	"T2"	"T3"	"T4"	"T5"	"T6"	"T7"	"T8"	"T9"	"T10"
"Intercept"	-3.70776127144822	-3.67843624437111	-3.74125099831138	-3.75090258016677	-3.63937028921354	-3.77465354111059	-3.70712520963013	-3.65324013784859	-3.83913366139178	-3.83149900222675
"Seed_kind-V1"	0.449038980264583	0.44398482190264	0.448699749192917	0.434524062685248	0.452262139342086	0.4433950307359	0.467694603901032	0.458001460491309	0.456796014365578	0.421183020678767
"region12_17-V2"	0.345403021605731	0.378921155574404	0.32527323867777	0.454604057797741	0.338498515671249	0.426098588972757	0.368754172497523	0.407420650491763	0.377504979399108	0.428024164427719
"SiteAcc-V3"	1.53759084495392	1.34240689212481	1.37726588328916	1.23618108568422	1.26612087602475	1.34326353260966	1.55674504745700	1.28461653693368	1.34043361883469	1.59567643116392
"SeedAcc-V4"	-0.609616981043614	-0.547894573297562	-0.635227632924718	-0.487214208252705	-0.632874291191871	-0.558852709981574	-0.679989181126633	-0.648101290035603	-0.47011258956009	-0.615739441708831
"UpAU_20nt-V5"	2.07609519847135	2.07508890906755	1.99549956530861	2.01064118680798	1.90917492437295	2.08214330944725	1.95436779698104	2.09083531950987	2.11534209391999	2.0584025051993
"UpsAcc_30nt-V6"	0.241558389353700	0.293189609382831	0.525242667392705	0.331722063267607	0.530716597989317	0.412833429166688	0.458327903647503	0.336880069340813	0.351762363219317	0.364401212781022
"DwsAcc_30nt-V7"	0.00193300562509341	-0.0183635535731177	-0.0168513427707196	0.132575958228472	-0.081641743603986	0.112935820022216	-0.082508478476266	-0.191308110937789	-0.00134334267894474	0.0124612391057913
"DwAU_30nt-V8"	2.59657630872741	2.58273919741006	2.68047790418164	2.59650237583668	2.64179667714813	2.51502910059026	2.56897070352330	2.61562655648924	2.71046012209518	2.64363250959527
"Gtotal-V9"	-0.0355872529550419	-0.0387838592062997	-0.0385409687776454	-0.0373931102339798	-0.0388016059303415	-0.0388462074934823	-0.0377700417960861	-0.0389872959752681	-0.0376507298952405	-0.0371490505800611
"Gnucl-V10"	-0.0148650026128749	-0.0117670748208417	-0.021647882993201	-0.00804466914609106	-0.0251390904691196	-0.00793707709560486	-0.0145519463943604	-0.0230803393272748	-0.0173541481965030	-0.0148005472526136
"Intercept"	-8.78360735678828	-8.9757440859206	-9.32892466385614	-8.56974627050842	-8.61494385806122	-8.73323257658067	-8.85201924138752	-9.08193303059797	-8.61953466940953	-8.82048946965275
"Seed_kind-V1"	0.885641334714872	0.85353968109318	0.922336973600557	0.592174111445545	0.800638454083969	0.902847287924762	0.796822763063984	0.809955710442724	0.810045489040867	0.747192332840176
"region12_17-V2"	1.45415298618073	1.91271295688733	2.06939961543827	1.12241622327321	1.16280097123552	1.30043693452385	1.27386777999189	1.45870811652421	1.692227697417	1.36266314651312
"SiteAcc-V3"	6.85738657965859	7.50614401179481	8.24626248318505	7.73621078932123	7.43699934100601	6.34918095671277	7.73644653605992	6.91860084796364	7.90050508587208	7.22495956421302
"SeedAcc-V4"	-1.75512108186847	-2.23484238087578	-1.96534808583365	-2.20615376497140	-1.5950287657049	-2.11898181048621	-2.38355279025238	-2.29169984028067	-2.3117074464101	-2.25795804846412
"UpAU_20nt-V5"	6.95577018962688	6.44005887999782	6.21078723757666	6.7251736822304	7.64790037834328	6.82997148348335	8.29082169431703	6.42369138400623	6.69450779112662	7.09100109741841
"UpsAcc_30nt-V6"	1.52952913305211	0.535099330043944	0.435851545533435	1.48168492465023	0.675676077586856	1.62121782831826	0.683975767927678	1.13854598181017	-0.0198558499155	1.14472077327337
"DwsAcc_30nt-V7"	1.67745778130759	2.27389729270626	2.58888401306571	2.16790188838866	1.32093464050717	2.45706271068722	1.60482618864138	2.29307541145646	2.21048216759768	1.88375393786314
"DwAU_30nt-V8"	10.8042641791777	11.3069335740121	11.6447508260670	10.6639604382350	10.8752720782957	10.7383375073837	10.5270352685115	12.8078392846133	10.1504433222836	11.0600820355334
"Gtotal-V9"	0.0983009400724213	0.108852483493589	0.126669603820106	0.0944382090297873	0.104970930223433	0.106792623165357	0.111239220561879	0.117838993727156	0.125867224345176	0.119377312372083
"Gnucl-V10"	0.186340667835285	0.112376372541501	0.122051878744494	0.231947138644473	0.244552513995022	0.176425325007095	0.150463435303053	0.130377971963492	0.143163492990446	0.134982537593034
"V1*V2"	-0.0165400788340291	-0.134534612732173	-0.209685116088401	-0.0266501707953780	-0.0216062030019964	-0.144725609710314	-0.0766194685956753	-0.0250297882772519	-0.082069822076702	0.0402333144869900
"V1*V3"	-0.395733884360119	-0.143949680032003	-0.101661827367745	0.193687570287330	-0.313176333302908	-0.254257190133104	-0.0152171090704239	0.138952770574881	-0.177264918428378	-0.236939415903393
"V2*V3"	-0.716346584611379	-2.0905878797612	-1.69713120307491	-1.04613305840556	-0.572756290855324	-0.315045967975353	-0.605249379660919	-0.81018904646575	-1.97849671338776	-0.908469984281024
"V1*V4"	-0.0421134962825608	0.116364453076261	-0.154798893778085	-0.00841236934946904	0.168106865376748	-0.065507559621942	0.0945324330659823	-0.078825129320429	0.109760802303054	0.106080833671726
"V2*V4"	-0.439965069379339	-0.305632577411824	-0.401113570359438	0.0684480914662176	-0.176505525767289	-0.632379984218665	-0.353214167568443	-0.305963748760775	-0.210827566946129	0.0758611952345229
"V3*V4"	1.28490051087275	2.26851798265709	1.99198684894925	1.70759270053531	1.46566526025268	2.67002278078343	1.80957223284808	3.39466624412814	2.00346424423799	2.23501293701083
"V1*V5"	-0.139024119661437	-0.094376053254837	-0.169217985586252	-0.0955907458084561	-0.39279748888071	-0.124188120470975	-0.111146515330526	-0.188592790153699	-0.330140428213274	-0.318592239422843
"V2*V5"	-0.324060983797162	-0.739506729350281	-0.135553956698927	-0.241531139354655	-0.836629696127663	-0.329878024979919	-0.429917208265011	-0.678162041123759	-0.894344920212231	-0.64610056465034
"V3*V5"	-7.39023382277584	-7.36456902707061	-5.17833098658665	-7.49951462679475	-7.62773626409167	-6.12038350202606	-8.52473627380309	-5.09181435577007	-7.10741858971324	-5.88100076959268
"V4*V5"	0.792793811856609	0.347274059519292	-0.291302327748566	0.580731165407744	-0.0726716191960927	0.111534136455311	0.472767612874735	0.483554878426801	0.752435327957107	-0.207502652142935
"V1*V6"	-0.292654268910832	-0.178323999962273	-0.0458356378416451	-0.0114686515648846	0.0636092725338703	-0.185127005286885	-0.0681528575123902	-0.141488849270444	0.143054507553016	0.145588305680809
"V2*V6"	-0.459510763792849	0.298136623044419	-0.232790240232411	0.384573114893974	0.469364077684304	0.0525347407021902	0.0193641855562698	0.225318733917409	-0.0955713749574575	-0.0790096015292347
"V3*V6"	3.77471010312948	3.67764419344530	3.34161436447631	1.80554115775024	2.99256384014956	2.37884803425883	3.03115658101599	2.64906883437786	4.82091313061249	1.96362353599369
"V4*V6"	-0.0130920397116432	-0.112237918978135	0.427707211901403	0.526561596271223	-0.676616414815984	-0.743385399422019	0.378052301372725	-0.740682657293165	-0.415526528798882	0.921056410462854
"V5*V6"	-2.18094409473234	-0.0569311826561793	-0.908237919992465	-2.24912311139276	-1.30753402497689	-1.02332922706397	-2.97924518009910	-0.150669133444252	-0.543586928119353	-1.61492532236547
"V1*V7"	-0.112353253906855	-0.152068722463259	-0.286532000591220	-0.130710894360828	-0.309890746743759	-0.249775144042844	-0.452060575001361	-0.318967983549699	-0.235019821160764	-0.146583829226309
"V2*V7"	1.24256040646065	1.11722198627001	0.504351158879078	0.330132005352809	0.535301626900331	0.387845341677195	0.877038744120698	0.246902953704489	0.866540362665674	0.826084859358274
"V3*V7"	-2.61416382575618	-2.09572184825785	-4.04021314109064	-3.02961719679633	-1.69184731375790	-0.602230995809441	-2.19434213448736	-0.684029358204864	-4.19528797524066	-2.33162573202387
"V4*V7"	3.18679535786684	3.427677241959	3.54978010424233	2.82255830675369	3.40260316245468	2.64828326152378	2.69402253165200	3.41762543898629	3.20402264624712	2.53611247887520
"V5*V7"	1.51503351918440	1.52049321909217	0.654928729834824	0.712115258039142	1.06876930947289	0.107566117586326	0.624127825928373	0.44637412169506	0.880866658033647	1.47545709211211
"V6*V7"	-0.610121340559065	-1.92149830960408	0.489215512748177	1.13976254538605	0.356607673513583	-0.187893883282521	1.21100439908549	-0.641740315082235	0.539397775828573	0.170975663564215
"V1*V8"	-0.0133640596850627	-0.143082013990297	0.0908895905924988	-0.0913972892384856	0.123222159068026	0.0121456507286420	0.0403434044334539	-0.103389126178437	-0.041316357067297	-0.219664662279149
"V2*V8"	-1.97271216007034	-1.74441392726351	-1.91391434175398	-1.15274471690906	-1.30157165943264	-1.12623586456152	-1.47219333438227	-1.38487056593876	-1.01596435241171	-1.53223131854689
"V3*V8"	-4.4121498229944	-5.29301371610808	-7.62287354028485	-6.09177893127486	-6.31360089097178	-6.94396654310886	-6.35511523199885	-9.68892540380456	-5.70979986742602	-6.02566986872609
"V4*V8"	-1.75731019869562	-1.52349959280200	-1.10439300559521	-1.56764555779133	-1.95124295360637	0.0413946093820268	-0.827797992461734	-1.70276501197116	-1.00769991259511	-1.47134398965338
"V5*V8"	-3.26101582948393	-3.1641212948789	-3.58200118258750	-2.52371422721402	-3.53826799060247	-3.39890475535443	-3.64104718201807	-3.87002210558409	-2.1630575975348	-3.31035468546449
"V6*V8"	-1.52199778672519	-1.73142927080295	-1.69067060480055	-3.1229350079351	-2.15921131467449	-2.65072043670892	-0.98072932631485	-2.65256791451071	-2.7798823152993	-2.24589668982505
"V7*V8"	-6.06058029758192	-6.44580571661491	-5.45393331207707	-5.32731741623259	-5.33850209297756	-5.77798287100545	-5.42013634123512	-5.78200808778191	-5.46061957531045	-5.89000354593376
"V1*V9"	0.00300631927252941	0.00542431926968123	0.00341734129967465	0.0103715040237717	0.00199852645101694	0.00134011235826374	0.00575150887625799	0.00187393454296838	0.00274234183262791	0.00135521744286945
"V2*V9"	-0.0291213194638597	-0.0464273176505364	-0.0374646826742072	-0.0324239170535923	-0.0282334185057881	-0.0309090819773730	-0.0311579147491954	-0.0387913920545280	-0.0395478934900828	-0.0290303770478329
"V3*V9"	-0.0909988631012394	-0.106225181806042	-0.117901352237701	-0.0979221779246735	-0.106560701180331	-0.120280363171484	-0.123130678066132	-0.0976245414865805	-0.0936258265510544	-0.112252537784401
"V4*V9"	0.0132967194498834	0.00926887711117835	0.00432682901108233	0.0189863397343171	-0.00488891241294056	0.0213823497033399	0.0123218341414775	0.0293941082327449	-0.00047609149000482	0.01158449768728
"V5*V9"	-0.0549816297015283	-0.0705808806258341	-0.0388901765286382	-0.0574098607542099	-0.0502521478787651	-0.0666237467588462	-0.0496124500695319	-0.0408366071320326	-0.0645208758154976	-0.0670746136360034
"V6*V9"	-0.0129345083599703	-0.00144346350405654	-0.0454154859906625	-0.0349063781911188	-0.0287287453193495	-0.0268175865563663	-0.0325216016778944	-0.0296852413511414	-0.0124804998774699	-0.0497637532455728
"V7*V9"	-0.0635001706217189	-0.05316125515281	-0.076365956416007	-0.0606271044047985	-0.0416741410157619	-0.0676726700511609	-0.0500092882091247	-0.0633382824072957	-0.0726184802642848	-0.0661060144866145
"V8*V9"	-0.0608307224617846	-0.0533181464672874	-0.0673797967370895	-0.0541463385689042	-0.074401430768881	-0.0378305428931683	-0.0760322493895442	-0.0892235702832035	-0.0721514976095173	-0.041637265052317
"V1*V10"	0.00214219130264000	0.00943710896597224	0.00879246167939723	0.0102526325875220	0.0128858731863368	-0.00505165257983383	0.0152645782286834	0.00820176245258057	0.0126049604766206	0.0119710892751534
"V2*V10"	-0.0490761757397655	-0.0521313193372417	-0.054838910288598	-0.0322611131073452	-0.0401338531883098	-0.048380940613989	-0.0288025146840478	-0.0674741677055654	-0.0787206573291664	-0.036873903662869
"V3*V10"	-0.266993321747127	-0.18707341138391	-0.175846913246706	-0.36077880801418	-0.213991016685908	-0.111088805780349	-0.331524892775031	-0.070913952848384	-0.238862526676726	-0.219042154716911
"V4*V10"	-0.0798072770809142	-0.0503512191578849	-0.0400998705492472	-0.0477093131752265	-0.076028880602297	-0.0802083278533554	-0.0282749707491157	-0.0531577703751912	-0.0276682725812535	-0.0112192668272983
"V5*V10"	0.0425807985202632	0.0276077373787166	-0.00666899962132062	-0.0157339487614988	-0.0404245989068366	0.0298791830022556	0.0296321338602584	0.0211008814330310	0.0803982080287239	0.0967230504774271
"V6*V10"	-0.0177392687945821	0.0223433830257875	0.0693406187128909	0.0555186047647478	-0.0165167111615134	-0.0687562931113363	0.00348271424986227	0.0150377088581263	0.0182991835412443	0.0842640322882969
"V7*V10"	0.127835482546766	0.128696871792677	0.14921177233685	0.118916215113364	0.0775306860617917	0.127940610598741	0.0919128649088425	0.215423029283358	0.0975057581629196	0.166899616789244
"V8*V10"	-0.142021500763228	-0.108053795456743	-0.182337731473810	-0.211685366973113	-0.247687077343162	-0.170388828375855	-0.100125171620183	-0.279888753764077	-0.140295718594770	-0.346768614940669
"V9*V10"	-0.00120934025600157	-0.00142692169740391	-0.00209140870951278	-0.00297281269235696	-0.00333090713007782	-0.00178084320508462	-0.00296472877829015	0.000366509103025409	-0.00060661923220025	-0.00108459600008321
