"rowName"	"T1"	"T2"	"T3"	"T4"	"T5"	"T6"	"T7"	"T8"	"T9"	"T10"
"Intercept"	-2.89134507556408	-2.8968878938285	-2.87948332921662	-2.88757720417792	-2.89384331036177	-2.87815054748885	-2.87566158171781	-2.89182537250996	-2.88213856200165	-2.88814265106949
"region12_17-V1"	0.271399136723180	0.267200714484473	0.267751960109799	0.273182069496602	0.264378173615214	0.266971109207376	0.249840048112754	0.270216849234187	0.263150725580851	0.260367228888472
"SiteAcc-V2"	0.00838197335240557	-0.00582085255342238	-0.0145793743187290	-0.00575675555037582	0.00248685055746626	0.00779652312224855	0.00915298821895059	-0.00833843860789636	-0.0103086999506552	0.0255341058847153
"UpsAcc_10nt-V3"	0.230414988446269	0.231162198706356	0.237468250815907	0.221617466898598	0.239934526715762	0.216498934635799	0.225147608780585	0.220640685786686	0.234934496987046	0.225100073848758
"UpAU_30nt-V4"	1.80599559606315	1.79108129122752	1.79907764078948	1.79458526253056	1.78886210472713	1.80438448468997	1.79036807660928	1.80433147430338	1.79520914989160	1.79824215302845
"DwsAcc_30nt-V5"	0.0502373928152147	0.0786401151449187	0.0474066892360416	0.0742741300457539	0.049490777229049	0.0558950485907016	0.0672660906589316	0.0743199417143853	0.0573734568160727	0.0664239957086063
"DwAU_30nt-V6"	2.83835715510365	2.85917428934924	2.83708753918362	2.83554821130568	2.86742326239683	2.83056694472144	2.85307915983320	2.84352237991772	2.84639674047245	2.84080508175004
"Gtotal-V7"	-0.0492501837700018	-0.0497509974887042	-0.0498524325005448	-0.0497694250653275	-0.0491699470650486	-0.0495550498001598	-0.0495317944781969	-0.0495962787207095	-0.0495195990163119	-0.0493562149898301
"Gnucl-V8"	-0.00881906652002109	-0.00926324596050764	-0.0099586628456901	-0.0100869081953274	-0.0099685126786825	-0.0092533753141188	-0.0095249775737995	-0.00911606145431371	-0.0104338841557702	-0.00784945624465317
"SiteBegin-V9"	-0.549493164953227	-0.552215127628413	-0.547973950900956	-0.550910790228014	-0.551847531267568	-0.552139554684762	-0.554812785976983	-0.551389509934363	-0.551371589438674	-0.549546685863319
"Intercept"	-5.62592646537619	-5.73882397037169	-5.71563355234136	-5.66380282401368	-5.68162493635486	-5.59406318124458	-5.72584628715907	-5.66004403634592	-5.6842385264681	-5.66394385269619
"region12_17-V1"	0.925130868485123	0.972043831062887	0.983704857127367	0.95045363534089	0.946233354032691	0.872076473867073	0.960179383193932	0.955150283594983	0.985899288527907	0.93667032051219
"SiteAcc-V2"	2.22135680758579	2.15239082116610	2.12196285093090	2.12916122912697	2.17747058443151	2.06286700643841	2.43000898344692	2.17237631038073	2.19115201532906	2.08469715223121
"UpsAcc_10nt-V3"	1.43663801368674	1.55918611915479	1.4843487499334	1.64982946133002	1.54205708221922	1.53161609464461	1.47081838101266	1.49835634032821	1.45606350961737	1.42629968624585
"UpAU_30nt-V4"	3.02340236306575	3.14575592647326	3.16977748097413	3.02574933503375	3.10012465331976	3.11305824704781	3.23977717199186	3.01872345206391	3.04341592529009	3.14454619672281
"DwsAcc_30nt-V5"	2.83890239782518	2.95449309903569	3.06948532848522	2.98676829665542	2.82779456033471	2.90971148399783	2.83303841793361	2.92303609210768	3.11216323885262	2.82860169038776
"DwAU_30nt-V6"	6.7743489470021	6.77898569577458	6.75903927497723	6.65956281879003	6.81632091814128	6.66198046126414	6.76807082400711	6.77014019141305	6.68172920504252	6.8431535068169
"Gtotal-V7"	0.0203627944463913	0.0225559052933408	0.0189185810889527	0.0216934035926612	0.0204164620822207	0.0198906160990609	0.0216318382672292	0.0231304627467022	0.0211271969343956	0.0204586925407939
"Gnucl-V8"	0.0773598434568867	0.07543794758746	0.0836716853053717	0.0726621330272351	0.0881198383896035	0.0698376387364458	0.0967676693734438	0.0711760874783587	0.0772526130629193	0.0779629971806398
"SiteBegin-V9"	-1.30526132465008	-1.21900068885105	-1.30535586820802	-1.28508097781872	-1.26209327296280	-1.31450980297194	-1.28201421476433	-1.30750500889856	-1.29060408801290	-1.24582853256630
"V1*V2"	-0.939894210803306	-0.914108360510022	-0.950860068068802	-0.878753687329144	-1.06750856308335	-0.913241648528153	-1.03878895958820	-0.970716177453198	-1.01412544823151	-0.932169657975335
"V1*V3"	-0.225377613379331	-0.279150564021695	-0.179889216522253	-0.298739290365573	-0.279824515208123	-0.243042686198164	-0.187924037710242	-0.245844403431659	-0.180471417902778	-0.211015941324794
"V2*V3"	-0.597478695054867	-0.683577932474972	-0.578418601575073	-0.696145078161742	-0.540783162690786	-0.581789921169942	-0.66057410315644	-0.658092896921612	-0.708192548025879	-0.555237271453957
"V1*V4"	0.00840482347831964	0.00486450988192271	0.00481816379958711	0.043525715524757	0.0293693666346171	0.034656311795463	-0.0364939651732616	0.00641148835529084	-0.0469045158782733	-0.000166552309170727
"V2*V4"	-0.432739107005665	-0.257536640887744	-0.518921631211779	-0.404254429290594	-0.444491690658859	-0.399802354217579	-0.645401804520945	-0.456821955003432	-0.360015167936263	-0.465705739134144
"V3*V4"	-0.450392599554646	-0.660800837093414	-0.564570195403767	-0.706694432355234	-0.60235997705137	-0.566806003683234	-0.570382592539107	-0.490772335648044	-0.539619831834434	-0.550938334437705
"V1*V5"	-0.212210010317175	-0.267122640277835	-0.369560411621473	-0.306799851384949	-0.0925284879631058	-0.236890487761796	-0.141723884655863	-0.272306953745319	-0.330745189353338	-0.216108815222977
"V2*V5"	0.164132196165036	0.387863240130057	0.350067021750896	0.121136472957280	0.286059233059294	0.157735811676036	0.104356036566082	0.352848348563115	0.0911370642210193	0.408716387272110
"V3*V5"	-1.09238406043651	-1.15542326102427	-1.07626792802250	-1.16676464720647	-1.33831176595404	-1.1003664422307	-1.08711096744571	-1.12505320469930	-1.07005927816319	-1.15194781030542
"V4*V5"	1.25823061197684	1.11350283932054	0.973222063593146	1.23752420808428	1.23963137615857	1.15920168891853	1.07058811410957	1.21171190351311	1.22692244084193	1.26272379812174
"V1*V6"	-0.299193265899586	-0.245303287845696	-0.303003329807743	-0.244695692079485	-0.323883007923804	-0.242447981383751	-0.368466740777310	-0.294172564531779	-0.246500466366280	-0.315809722028923
"V2*V6"	-2.92028882801384	-3.12302050406640	-2.77963249093761	-2.77279506883794	-2.7800123455414	-2.65382042246221	-2.79997839685708	-2.86660226700949	-2.72675204478834	-2.82193117944797
"V3*V6"	-0.24183901536701	-0.0111324828829098	-0.246777835544828	-0.154443766732514	-0.0254631711852554	-0.224379131579419	-0.192499874638848	-0.213159729768755	-0.178985864771469	-0.116433116035743
"V4*V6"	-2.21164296304999	-2.33914209078815	-2.21422462491034	-2.20882982145289	-2.32738107947014	-2.30521552958980	-2.2790284101405	-2.13735401542658	-2.16436889661608	-2.33061934897112
"V5*V6"	-4.56536947727705	-4.55365625297993	-4.63649203349019	-4.57373564030354	-4.64669512075705	-4.57081875802533	-4.4139070229878	-4.65738731039581	-4.74346262882676	-4.67618625375102
"V1*V7"	-0.0295701932422580	-0.0285920629631488	-0.0288010096445657	-0.0286935482181672	-0.0296289750897707	-0.0295817473940966	-0.0290757985379352	-0.0312149519323211	-0.0303005822916498	-0.0292980970605875
"V2*V7"	-0.0411114054722184	-0.0440703586262939	-0.0413213375184647	-0.0441357474239396	-0.0443757927351422	-0.0442414624427115	-0.042279604480202	-0.0449435459849371	-0.0398029068653362	-0.0430147957959547
"V3*V7"	-0.0104563893267764	-0.0106319852037087	-0.0130989121439429	-0.01199949055429	-0.0109679239726395	-0.0116185389061667	-0.00989689123340279	-0.0117059124192788	-0.0128501480707878	-0.0110559795481967
"V4*V7"	-0.0259229583386905	-0.0261160541027918	-0.0263669877482683	-0.0251820982213838	-0.0245436827515474	-0.0272357071350310	-0.028889675460109	-0.0264394286703991	-0.0249834487527247	-0.0279424506595695
"V5*V7"	0.0231234926264142	0.0208057185406505	0.0261103796772034	0.0200467709149745	0.0280185623408295	0.0232507690120297	0.0220349753886805	0.0247476310689405	0.0212404542356875	0.0276366203968601
"V6*V7"	-0.0440602678153065	-0.0467356682171624	-0.043280802759206	-0.0445588967895129	-0.0469557964644666	-0.0406461902437406	-0.0437732730034181	-0.0454930913346392	-0.0440204941310681	-0.0446966146954871
"V1*V8"	0.0193139165358479	0.0269153274948761	0.0204016822290151	0.0227271923161512	0.0164721137376300	0.0233865739389716	0.0150034549758822	0.0262670122715994	0.0175809463826864	0.0168120982091421
"V2*V8"	-0.344175917227676	-0.351845930487945	-0.343399956004759	-0.333051415267209	-0.354325626286783	-0.34030466435696	-0.353345488450319	-0.333634316942938	-0.341484568422769	-0.347549027082233
"V3*V8"	-0.00237284386184094	-0.00332407679117184	-0.00327623321771416	-0.00803686161533568	-0.0085020236712273	-0.00138464792184002	-0.00730659982782565	-0.000532764524594986	-0.00502894662861536	-0.00417929305801728
"V4*V8"	0.0389516731153636	0.0288184185583017	0.0253482322287779	0.0387508999782519	0.034752779301449	0.0409435054909460	0.0184072940592882	0.0354117404989469	0.040454003827565	0.0384026892185782
"V5*V8"	0.00740726818452229	0.0240199794462428	0.00217620544457313	0.0129922114005157	0.00219705988082576	0.00812642025542789	0.0108408707563115	0.00188176222107019	0.0142629054525245	0.012050475971407
"V6*V8"	0.0345466423232495	0.0314253300571668	0.0391020208968223	0.0258416479068476	0.0385647781142292	0.0356634869727201	0.0373617943695422	0.0353169718676492	0.0312591317275586	0.0427615889482543
"V7*V8"	-0.00319961415380404	-0.00350693337784808	-0.00314657169244076	-0.00321536918728377	-0.0034394041212694	-0.00341947362360511	-0.00348422825091875	-0.0033753566432643	-0.00332574125421223	-0.00330227979210286
"V1*V9"	3.54760886884764e-05	-0.0634952412078451	-0.00767594160397502	-0.0478761899645408	-0.0204891018679021	0.0305824928807251	-0.00628305439650635	0.0439679711759115	-0.0303295994196709	-0.0440024191716778
"V2*V9"	0.250108480274470	0.187160322612631	0.175456357246568	0.216257450520283	0.192770305346450	0.141457143783432	0.176698399488055	0.233858526066066	0.26459639470037	0.197411647491644
"V3*V9"	0.0989082574453318	0.0365360276441576	0.0337564685261219	0.0947489742982887	0.0611193946922145	0.0177292254036309	0.063675315180675	0.0801000053892641	0.0705958654707994	0.0607684233590159
"V4*V9"	-0.291176444511024	-0.284228842132694	-0.233445736974421	-0.170993795439437	-0.239124849356389	-0.254403755902106	-0.256291494311913	-0.287566825642706	-0.261434031792009	-0.298846021361625
"V5*V9"	0.0149744336784251	0.014550191740104	0.081600460572189	0.0720004820907155	0.0596404740709355	0.065709368536234	0.00456826836646655	0.046261575476262	0.0142802020811396	0.100733368427618
"V6*V9"	1.37121534769338	1.37921848480515	1.36858940368973	1.27631941713608	1.30076895114683	1.38329820369222	1.35802025631542	1.29314120560538	1.35722762625516	1.33179102307387
"V7*V9"	0.00201957034203864	0.00111041608340811	0.00181996964586112	0.00212444428231743	0.00179157495478441	0.00213697164493892	0.00138805882248582	0.00264284252422688	0.00229756831358616	0.00191068532210626
"V8*V9"	0.000663889510629711	-0.00278403748618283	-0.00149946964819218	0.0021410656275772	-0.00157544887834714	-0.00238891744869512	-0.00477491654792293	-0.00434750888284983	-0.00467137399706375	-0.00355258938367259
