"rowName"	"T1"	"T2"	"T3"	"T4"	"T5"	"T6"	"T7"	"T8"	"T9"	"T10"
"Intercept"	-5.9192645253187	-6.13955487700758	-6.28909099194912	-5.94333695065949	-6.00319969799008	-6.0281932696363	-6.01207783173891	-5.95473096705546	-6.09462905704133	-6.12942296965762
"Seed_kind-V1"	0.570615507363407	0.55566427467013	0.584985019675147	0.551432600437723	0.556738649102744	0.546801697929957	0.53322856852161	0.532946463682933	0.543840217735888	0.577318272018999
"region12_17-V2"	0.435266234570695	0.381956715012875	0.50242782311507	0.352214173811777	0.346143153785086	0.20710777217665	0.339505465465873	0.36922319037333	0.342165781756751	0.43852812499047
"SiteAcc-V3"	0.969362345350559	0.778385843338405	0.93554651585395	0.860571317322316	1.14522737079443	1.0121682388578	0.873751787486427	1.14913762649916	1.01845666906357	1.19529728335371
"SeedAcc-V4"	0.13840097596801	0.28735031837155	0.137781152881563	0.191710842407309	0.16097958018603	0.0070357092579351	0.120977016178341	-0.0879663747717752	-0.0514168136962529	0.209568549537598
"UpsAcc_15nt-V5"	0.299645053149759	0.378578049777795	0.245987981249505	0.468239944704958	0.334163698654854	0.477103322387869	0.313472087545282	0.400590903981437	0.412562086012692	0.459223779908616
"DwsAcc_15nt-V6"	0.439991285250409	0.524517136320024	0.496146624140733	0.42131089211187	0.462443635920177	0.481705467120231	0.418421565984299	0.395636812382067	0.407946014870923	0.45473660566892
"UpAU_30nt-V7"	3.25460849026893	2.97670700817128	3.39516188721398	3.15234999732887	3.01051874387645	3.31770566781397	3.41889062172835	3.07023537841071	3.29048121900462	3.22098846472477
"DwAU_30nt-V8"	1.07536140163216	1.69408033741957	1.4155461488802	1.36349941512313	1.59752064713055	1.33646515137722	1.38905025762447	1.3848996655711	1.53407517620166	1.25316316578405
"Gtotal-V9"	-0.0099753426890724	-0.00875104958567316	-0.00355357525801215	-0.00544381635105944	-0.00740587008718108	-0.0068437692729154	-0.00799863902930735	-0.00755169986383916	-0.00543956005061436	-0.00388590852171192
"Gnucl-V10"	-0.0282677996850549	-0.0128054674783981	-0.021417268190843	-0.0279985045421048	-0.0173924414844626	-0.0329960744275159	-0.0351262070244618	-0.026741034886207	-0.0455172684919393	-0.017282327222738
"SiteBegin-V11"	0.818366074706285	0.844957748413327	0.874745924896982	0.800067461377702	0.80159630629861	0.925277684437422	0.798339064508047	0.902962126508668	0.781679631424753	0.793468390040828
"site_conser-V12"	1.96258126961874	1.91267503616272	1.87117885095091	1.7175359247992	1.87097800557004	1.91432991009789	1.89877702824737	1.75530579809673	1.86175240771822	1.88191397389662
"seed_conser-V13"	-0.173259702592653	-0.00271142475452727	0.0173768023678962	0.069544604672077	-0.102925121040722	-0.0623335591542244	-0.079622007038295	0.0646520413593802	-0.0108879733355652	-0.103953811715596
"Intercept"	-7.96786055304604	-8.69386671162712	-8.75074923255966	-8.1436411694395	-9.04236501219883	-7.89481865355508	-7.55640987603348	-6.51860821448586	-6.32872975887276	-7.5616595443229
"Seed_kind-V1"	0.244791545493872	0.172592586378252	0.363811127514147	0.329576794499604	0.698233377498991	0.22146146619569	0.590646726813906	0.396482281067246	0.261330657411917	0.38770645209891
"region12_17-V2"	-0.860521005271377	0.0071149744650448	-0.0355728855833954	-0.0773167740779372	-0.224098014595593	-0.418811667807999	-0.351399799942139	-0.724336008393987	-2.05841683151796	-0.926091181587858
"SiteAcc-V3"	0.308632880288441	0.327687232276042	1.5785607681048	-0.93371520756475	-1.3001150198564	0.376201564476348	0.25015817845245	-3.18540869187595	-2.39427146279424	-1.88670567480835
"SeedAcc-V4"	-2.29819544742721	-2.30058327832731	-2.14085630860915	-3.23773556526325	-3.10107206206806	-1.87241645933785	-3.32358481492595	-0.945485986999728	-1.87381969786494	-1.6255933444759
"UpsAcc_15nt-V5"	-1.30014236418122	1.4594765021745	-0.491693746574895	-0.0856927850428622	0.41323846664035	-0.953807327404933	-0.726492815592249	-1.79318699402404	0.061400622245262	-0.127673316463338
"DwsAcc_15nt-V6"	1.30749991873312	1.97067109851946	0.99164207363489	0.764461324385678	2.02374763499189	1.61979187311365	2.21602150105345	0.312849126411739	1.47879804386741	1.44384566421795
"UpAU_30nt-V7"	14.5602615122072	12.6208611685345	13.2798459210166	15.7580173958641	16.253130833286	15.0238626420226	13.2034939823534	14.9318270743975	12.9980059671313	14.6249136028443
"DwAU_30nt-V8"	4.68289198484928	3.19859519797571	4.45866198091607	1.68502926844066	3.5327582934291	1.50211132676341	1.16001387089986	-0.486544277312448	1.23713065585708	1.1469274433207
"Gtotal-V9"	0.00516611726282781	-0.0248482878079051	-0.0212431912361415	-0.0207204585132116	-0.0318154086871102	0.00137854400554266	-0.025166388120335	-0.0228778907022075	-0.0263350681207995	-0.0083320020571832
"Gnucl-V10"	0.201216523573192	0.2247157247636	0.16093062482043	0.0802571195833765	0.272545357530164	0.286326972094491	0.227226511290777	0.16057872488343	0.307412632571296	0.275255703787467
"SiteBegin-V11"	0.00868459153580935	1.24043437418822	0.337882648585375	1.15108289800188	0.556622668900978	0.139951502784116	0.982514633095124	0.809646894670544	0.726865645614112	0.758711009059975
"site_conser-V12"	2.39612451092834	3.12922517876211	3.7130649910266	4.07816495499028	3.87570338977236	4.35411159899703	3.22554697329018	2.77060940712116	4.20004854530953	5.1818985231596
"seed_conser-V13"	-1.531167340386	-1.87459382625296	-2.53932081944879	-3.11550268411089	-2.52059035090601	-3.12674215201798	-2.54363261007611	-1.88199709990747	-3.39268136756286	-3.85059949834437
"V1*V2"	0.0041905039473654	0.113201173245197	0.0707915371783933	0.0143857839301889	-0.0795888651864679	-0.0209509276837145	-0.0306547976624133	-0.129429379842811	0.145531648797545	-0.16984756807968
"V1*V3"	0.340820524665516	0.739453364207299	0.495524946913804	0.33030662764808	1.08024601096281	0.617161541544754	0.326164869286241	1.38536264269092	0.441190442851604	0.901331595237927
"V2*V3"	1.14079450206965	1.07353365498179	1.0882923646307	1.62965933804566	1.32356575650186	0.688099110404373	0.603640129984773	0.90700032967899	1.97687776808907	1.31951053333865
"V1*V4"	-0.265293701398217	-0.359623244881956	-0.296519796836481	-0.246886757491578	-0.498977255455546	-0.356990589322533	-0.19804444917135	-0.901959632093255	-0.256317882797301	-0.424334009099759
"V2*V4"	0.672632966452963	-0.0425050343387269	-0.375829353295602	-0.358443603099511	-0.307269418876091	0.0334789672300231	-0.201763242380213	0.35235359156943	0.615057104638669	-0.503731147311524
"V3*V4"	0.986024464925734	-0.517752548037727	1.4247870536239	2.1529462257995	2.39448043028828	0.735640248194348	0.902331305053873	0.93630170442276	2.3280078422198	2.17955306751935
"V1*V5"	0.44804787298949	0.111250529001281	0.223228426798881	0.234164630606494	-0.0474386805374299	0.11057127472945	-0.127168498109979	0.173689391229006	0.265993849596349	0.138980198800384
"V2*V5"	0.082361029621834	-0.754589058308316	-0.0533954286214303	0.618488954842577	0.130204897221139	0.730820045644458	0.0852853871689921	0.407911197892028	1.49337687789977	0.59089874301085
"V3*V5"	0.71273749115999	1.30208126742119	0.877447281276159	1.11527009836678	1.36089051012274	3.19019755426631	1.29297884844302	4.00741652694848	2.13342840491614	1.05596613011468
"V4*V5"	-0.484729853554675	-0.442778468708538	-1.00312102146449	-0.472044168930165	-0.727074839976306	-1.48753538652388	-0.247332389569276	-1.55297693198645	-1.02757749622086	-1.00227693053989
"V1*V6"	-0.351490055516448	-0.23813187707667	0.0957296519269816	-0.160571409051437	-0.613287673800159	-0.16232901303059	-0.192161317506308	-0.404864774916591	-0.234094255328744	-0.172182604165906
"V2*V6"	1.14005117638309	0.28808613376064	0.741729540334337	0.62741389028306	0.621806389274501	-0.0377991213781633	0.143439174430964	0.426144077822804	0.966880956314	1.02522217791032
"V3*V6"	-1.25729640468791	-0.467616114823865	-0.234533694831532	1.86357739509112	0.541993101335588	-0.687629986285579	-0.45414332038476	-0.364333833899433	-0.128729258909757	-0.812170465848254
"V4*V6"	1.26669000619014	0.750810999732214	-0.421701587361794	0.989313497535556	0.223872789479023	0.71421698331696	1.08105370105001	1.45160463870352	-0.0472094439273845	0.460246035314598
"V5*V6"	0.00616964255622367	-1.50380129010464	-0.427241291954105	-0.452487473672157	-0.882759925089966	-0.905415534481517	-0.672444677070881	-0.712746061259891	-1.09740575681796	-1.56634109029821
"V1*V7"	0.060727627458815	0.258213981196919	-0.177401392229831	-0.251493774808067	-0.367733671289632	-0.149054874692942	-0.0187401042095706	0.0405672035011436	-0.424243765551958	-0.449206824216368
"V2*V7"	-0.855654936936021	-1.12231431761578	-1.25697853111945	-3.10721355196511	-0.722475377683588	-1.66877213551075	-0.480762829146871	-2.13024480410363	-1.75568634470259	-2.1399736703095
"V3*V7"	-9.02247306977036	-11.0374263069072	-11.0005245599374	-11.9955025558634	-10.7638006442487	-12.5470780202953	-12.2435024878023	-9.80870780294248	-9.09152823400219	-10.410113665077
"V4*V7"	0.193692293941869	1.26816539915196	2.03186110074607	2.15976330638532	0.742823803291527	0.601545509087757	0.524474690816363	0.0672152813424442	1.33502601626276	-0.322826023904927
"V5*V7"	0.445220976709111	-0.235783855830224	0.0509606790620284	0.367576275908049	-0.97182158368452	0.84544323914388	0.280775480688034	0.189741266662759	-0.852352374711561	1.34916465314549
"V6*V7"	-1.13032555134111	0.390287266361646	0.0730820442506597	0.158051712962187	-0.963577456072638	-0.897464569221281	-0.504755928393883	0.428377827296117	-0.479868987816523	-1.08845956587491
"V1*V8"	0.0828516320283797	0.0936438192591525	-0.190018654873974	0.0544879793972308	0.298810161560638	0.203213850548341	-0.105986352980714	0.097253403915835	0.465408661791566	0.35847110459093
"V2*V8"	1.0733904740361	1.77757345795287	0.517313117632935	2.79067552058725	0.146007489233398	1.88917949288267	1.69669348615152	3.11035215106698	2.15849726711648	2.63004299843746
"V3*V8"	6.24084497816074	7.22342292318187	5.60437607336192	6.11583803869719	6.80234416246651	6.96435442091572	10.1163126531306	9.946373513098	5.90679226653928	8.8505242075496
"V4*V8"	-0.852893114931254	0.0355369312329062	0.196945625273312	1.00184127178759	1.54294713370396	1.10617249942966	0.485474076178304	0.212919349170311	-0.757400911425109	0.728963589726212
"V5*V8"	1.44695951555783	0.401647533625565	0.0608162219640051	-1.22474968467818	-0.546387235901358	-0.347621773216071	1.8438925730662	1.07669347957131	-0.192713420218433	-0.305576979587806
"V6*V8"	-1.07996733537354	-1.52045782176054	-1.39623372199009	-1.37823693021541	-0.155477432894923	0.216178613020308	-2.52857611610295	-0.365923275868381	-1.50516948545342	-0.384580299915846
"V7*V8"	-11.3275955624264	-7.6807181147536	-6.76075528575807	-7.06839776393279	-8.02153877694847	-7.4747785653683	-6.76166857710425	-8.10577907112959	-5.23284120828707	-6.63155442558751
"V1*V9"	0.00759484086055422	0.0126136753768353	0.00607272724908863	0.00272432896823287	0.0077781095894476	0.004909494630763	0.0057211182395344	0.0114674877116028	0.00853558856918095	0.00346166539857334
"V2*V9"	-0.0172844866100427	0.00328399957014764	0.0089061286260466	-0.0126252384786566	-0.0149303937428233	-0.00250243747532863	0.00278482669855136	-0.0220863548442369	-0.0065789748874976	-0.0120368437961259
"V3*V9"	0.0424147907403029	0.0100704279400203	0.0156397605300217	0.00579576135469327	0.0435021347800762	0.0435088255129657	0.0226664809490334	0.0372102591283329	0.0228952300381486	0.0206633884860378
"V4*V9"	-0.0517184754149186	-0.0318437157452407	-0.0223859705944437	-0.0137687292968224	-0.0147932972845615	-0.0334956409646355	-0.0297959041748853	-0.0384852196746552	-0.0386935035441549	-0.0400906365467324
"V5*V9"	-0.00137368802118309	0.0204215894767351	0.019408041410645	-0.00341085553160931	0.0091666114867378	0.0206593970672343	0.00951912241600225	0.0178470476263532	0.0058109234551265	-0.00109094044574291
"V6*V9"	-0.0260888206049853	-0.0117708452851426	-0.0100919812614138	0.00854734852639446	0.00561177539849515	-0.0126596666784566	0.0192440524738116	0.0181537801731689	-0.0170638044249119	0.00468782695807969
"V7*V9"	-0.0224385947965998	-0.0203276564196648	-0.00702299091040791	0.00426417926061143	0.00797982938648997	-0.0318246729724362	-0.0278266225425323	0.0162658044092674	0.0149066904033749	0.00521915386997092
"V8*V9"	0.00843863987540293	-0.0014309178826906	-0.0206510790262251	0.00831043048971535	-0.0265997527246137	-0.0292639066390102	0.0216643997178849	-0.00503699084444948	0.0181485572714216	-0.0173453525953061
"V1*V10"	-0.0614878416576405	-0.0575062044932401	-0.0533573723137538	-0.0772055506384258	-0.0540477366871434	-0.07973493455332	-0.058420892590375	-0.0705228545618302	-0.085102843756078	-0.0671049320124204
"V2*V10"	0.0541890228090397	-0.0423816718590292	-0.056073091442545	0.019606853421895	-0.0234119079060612	-0.0224966159414017	-0.0761534021164858	-0.0114350953043403	-0.0108894707722499	-0.117905861369506
"V3*V10"	-0.362373317209158	-0.214910455532274	-0.0788965124287881	-0.097521007036421	-0.181174777395995	-0.429614774126345	-0.289290235731628	-0.290496784187432	-0.299702424619111	-0.236352541730791
"V4*V10"	0.0543584351090394	-0.0330326296829206	0.0453080623493644	0.00260541968899489	-0.00768446780398814	0.0618021201896009	0.0353406488828206	0.0615546722232359	0.0753941691976407	0.0478283164302335
"V5*V10"	-0.116908905794428	-0.0308734544793313	-0.219486556438556	-0.100904954255465	-0.125475680440641	-0.0840718950006771	-0.119706780298391	-0.0481170399409477	-0.0311291747703358	-0.0929893025942326
"V6*V10"	-0.0613685821641071	-0.159444425109837	-0.169497509703589	-0.0619181754749896	-0.237518051458333	-0.215714453397956	-0.183461503436473	-0.109436311517191	-0.215151588767465	-0.140005191723404
"V7*V10"	-0.266483536262451	-0.185631452318949	-0.0454164907010222	-0.0729647749013508	-0.195378406681757	-0.241618211808574	-0.291367877582385	-0.11972863852636	-0.159890135018233	-0.169220489323717
"V8*V10"	0.24002773385939	0.22608548513637	0.228155126484726	0.199769831540574	0.258230157413481	0.355702538380237	0.430547557104229	0.321999764225448	0.115028465990496	0.274700554876682
"V9*V10"	-0.00451140035758638	-0.00197188332256729	-0.00193697673845961	-0.00263951673401429	-0.00223286689329958	-0.00355871674037557	-0.00225875691017201	-0.00262793155964951	-0.0039723972731483	-0.00448492558126697
"V1*V11"	-0.038194134480163	-0.131508014866282	0.0112210432850681	-0.0384191727361583	-0.124935400075377	0.0918982760030552	-0.110619618682494	-0.102858590643724	-0.126198672348578	-0.0780702946483345
"V2*V11"	-0.000180425320213824	-0.0731610018867238	-0.12771676613343	-0.219020521573075	0.219168657304026	0.0563166589834644	-0.477308217686592	0.0184607330589432	0.191133140815994	0.0478544447027367
"V3*V11"	1.04534461814302	-0.213180200635827	0.943899139277484	-0.117574157861848	0.665475551282935	0.201684273222192	0.160637339523457	0.191913729142027	0.570410649583812	1.26754351589416
"V4*V11"	1.04875161846985	1.17337261066919	1.01100462188117	0.661923081105944	1.18225913796476	1.12740588455288	1.29558407535223	0.56247311920016	0.79386308199811	0.857751280788156
"V5*V11"	0.941711196525793	0.0900142293602422	1.06760077497437	0.548784581837086	1.02175967749	1.21257333306189	0.934372690507385	1.22351601082287	0.288080067768685	0.389430295488319
"V6*V11"	0.850836015280574	-0.0627339763505636	0.544197298381424	0.901383342131043	0.291944136947666	1.13528888103301	0.71503306294098	0.838505710914812	0.715280527961077	0.63054802427465
"V7*V11"	0.0085698780402706	0.72550661417009	0.380398410408083	0.205591718791186	-0.457407136373003	0.399567539428526	0.87503394308888	-0.509054744977654	-0.0634784190385499	-0.167196115467686
"V8*V11"	-0.751915581069347	-1.17894416383888	-1.44653266410464	-1.56835840776048	-1.18867131157299	-1.52208222101491	-1.66775614920983	-1.22613877685185	-1.16419919255429	-1.12986369644054
"V9*V11"	0.00745940830484234	0.00732389257594369	0.00708086463562774	-0.000761380348296649	0.0072106131019726	0.0100637236336744	-0.00728688331533528	0.00874648224637066	0.00547932621093522	0.0128201584436873
"V10*V11"	0.0410650451402505	0.0313094145750974	0.0360831792513504	0.0147253068831165	0.0239252840235982	0.0284110071228114	0.0212801101167037	-0.00643466739399929	0.0172637794247269	0.0240586385080744
"V1*V12"	-0.609988957515038	-0.671648280241438	-0.909666847976684	-0.572756291463729	-0.749855359750481	-0.987281325291023	-0.864627399254146	-0.739792431417583	-1.12116583343302	-0.598489430630062
"V2*V12"	0.0564897101743936	-0.0849675881748332	0.0998875862240702	-1.22483360482369	0.145588034831291	-0.902238073627078	0.313365098657572	0.416968066721539	-0.90831824437342	-0.453035529445108
"V3*V12"	-4.66934431069798	-5.42922719017876	-4.06672661847232	-2.92236914586734	-6.1900578601744	-4.71859276769632	-4.62324933551922	-4.53942260302923	-6.47010067258646	-4.92982826441254
"V4*V12"	1.63650466381802	3.40737846128983	0.982887456728154	1.65922214611632	2.54514093232544	1.11573269896997	2.5221748404668	1.10180275597889	0.505954101226603	1.57199018273747
"V5*V12"	0.872688085361234	0.300253868466326	1.57972568734997	0.511387660243626	0.0798097261472857	-0.763237547740362	0.0836690782059492	-0.823570960299221	0.326586949190461	-0.145345862077465
"V6*V12"	-3.69295363412832	-1.39693677759133	-2.10440790846869	-2.58313106263506	-2.77775528463575	-1.36096269468656	-1.96242098666362	-1.68311515358477	-0.991214627160932	-2.37680127438476
"V7*V12"	-4.83334784262042	-5.93980200071845	-7.29494398541217	-6.65426026380763	-7.06711654097648	-5.95993600870281	-5.18401084098689	-5.0686342972271	-4.97723042993946	-6.56566347878607
"V8*V12"	5.80765343012613	5.20591733583661	4.57160618926345	4.09151193737922	5.67010210527758	5.33189989476985	4.13870889277445	5.35282385897455	5.12195116993412	2.96869094054528
"V9*V12"	-0.0083393724699687	-0.0112278854993375	-0.0168170397706318	-0.0160122165256862	-0.00465031071208157	-0.0400080437626004	-0.0183076016037492	-0.0252293565686316	-0.0236661224853367	-0.0362963570968196
"V10*V12"	-0.128263452974673	0.00884342028482591	-0.152174761288887	-0.0651639630551921	-0.0191652551870984	-0.142127788082994	-0.0122738449616743	-0.0922427258072027	-0.209585904846768	-0.147481602034848
"V11*V12"	1.19080803137189	0.343645257071872	0.897407641691268	1.18145039022862	1.31207690767987	1.03069411106449	0.43014136794235	0.758654246259197	1.1112436431313	0.749914370964918
"V1*V13"	0.674806431085276	0.626532202936116	0.899865989419427	0.652604465668013	0.685606304223671	0.969824080870902	0.882631070843027	0.715571551178094	1.0421094598514	0.678914428513532
"V2*V13"	0.0986357033217488	-0.255262302225168	0.164513882100803	0.967819798388733	-0.0714512545323798	0.821425065993715	-0.344455693575943	-0.529831137124762	0.858910912301924	0.480525454965531
"V3*V13"	4.16613511878851	5.89975679233716	3.31590867712592	4.18840045880424	6.48908669596184	4.92972275198858	4.34901047469141	4.38571989022506	7.0808380405968	4.97675925518337
"V4*V13"	-0.163135710434331	-1.49151903304924	0.576002311875734	-0.547372238318274	-0.86697245684895	-0.0122189491807228	-0.212472054989697	-0.0863736168191029	0.0942577130911257	0.136961885130257
"V5*V13"	-1.7144171773859	-0.82777315539937	-1.97033836419018	-0.955751895094	-0.18740733439463	-0.0235805977393787	-1.03417705847516	0.408379764862236	-1.26911925395889	-0.304134293202622
"V6*V13"	2.63376160758944	0.542334070093087	1.15757616513651	0.773473490694625	1.07982067862148	-0.128360115345481	0.902123080296915	0.912697968475438	-0.187789382856532	1.49640812639792
"V7*V13"	2.47454521952218	3.26357732159232	4.83867771554315	3.29114484968858	2.70729958989084	2.97900382444454	2.36128604050924	2.09747757109779	2.69536244763571	4.04682962480569
"V8*V13"	-6.15705501293548	-5.77747867301063	-5.0755630152369	-3.66415861124356	-5.79711222201898	-5.08472003088984	-3.88491731921603	-5.00687156069481	-4.93695013404516	-4.50799629608326
"V9*V13"	0.00991859993766674	0.0202898344257227	0.0273871379570406	0.0324759681169375	0.0218415323363756	0.0405661166105246	0.0230948189350899	0.0189404245371008	0.0276923456969872	0.0457506410953704
"V10*V13"	0.107180216510994	1.31246732818078e-05	0.135413666408043	0.0616534783760228	-0.00671140517899959	0.133911684399448	0.0329902157807588	0.0527711833268813	0.15458839086338	0.133995504645
"V11*V13"	-1.43244556869769	-0.658387203453888	-1.0943413383849	-1.4357768458297	-1.52164775712668	-1.24945359062405	-0.966810649054607	-0.893043442022085	-1.39908885564327	-1.26556474871115
"V12*V13"	2.17488152236159	2.0733927028068	1.95722711294065	2.17433021263874	2.26582452086936	2.20886134848028	2.38720666600866	2.1269177242744	2.25927902561047	2.09073432686446
