"rowName"	"T1"	"T2"	"T3"	"T4"	"T5"	"T6"	"T7"	"T8"	"T9"	"T10"
"Intercept"	-4.66582643924592	-4.6595802310444	-4.65029347470664	-4.86784012797792	-4.60208636830118	-4.74481060005554	-4.66034132486813	-4.59396674121826	-4.53198547848926	-4.65868046048179
"Seed_kind-V1"	0.578048201760729	0.517929233911665	0.563250271719175	0.565638343856702	0.537773481953975	0.568646423911224	0.572751654231212	0.559468988090469	0.554036089732797	0.54730197900405
"region12_17-V2"	0.301763714433188	0.274341264469735	0.392883048982126	0.43575642374247	0.377180280885072	0.383627710980389	0.270917370674474	0.312843350199069	0.295042028254449	0.312690626109386
"SiteAcc-V3"	1.29061518030430	1.18447210222255	1.14235618504015	1.20289977956042	0.863550703228348	1.10207660268146	0.868394337956186	0.881629164440693	0.974617753606663	0.85000747806893
"SeedAcc-V4"	0.00635186935226556	0.161499371242987	0.131907971612492	0.272893865196568	0.125022861065630	0.0882279629207364	0.357050152792618	0.25352350025953	0.0550669294322856	0.241789898624698
"UpsAcc_15nt-V5"	0.418118543777662	0.449880618124164	0.344549512566604	0.401960996777705	0.238855819992594	0.379311995499892	0.436963654015658	0.456528278394598	0.347922423566554	0.234638631185795
"DwsAcc_15nt-V6"	0.361582830456455	0.341803606205006	0.300216827105934	0.273808243798302	0.339384787595966	0.385191841099383	0.440478661188184	0.24792724025894	0.611155204821943	0.375507105303345
"UpAU_30nt-V7"	3.06942557469959	3.40174446672342	3.31490687177326	3.52621933717495	3.4011719154322	3.26380573102122	3.476933991567	3.27135354350396	3.24526281350405	3.42558564877072
"DwAU_30nt-V8"	1.88416449610887	1.65269903351040	1.64471359585124	1.65070680918741	1.80176588089743	1.86601759216525	1.64087062634726	1.83631414399987	1.59527485799781	1.78945481631558
"Gtotal-V9"	-0.00433520689967716	-0.00628086957645017	-0.0061441490035463	-0.00700921556259496	-0.0100601473845149	-0.00615985264802618	-0.00711236839676893	-0.00615457410346007	-0.00766074345261971	-0.00825058240970995
"Gnucl-V10"	-0.0299370248058427	-0.0297893636240305	-0.0317643786438657	-0.0121389127798631	-0.0314460168672782	-0.0220188586527972	-0.0206216847523901	-0.0189173728217449	-0.0347618914292321	-0.0435493804341715
"SiteBegin-V11"	0.885779177423993	0.888480672586803	0.840640069386748	0.898004733712467	0.857608458927844	0.881073064964365	0.797843034613454	0.840391991137287	0.816966888541481	0.89763555739022
"Intercept"	-6.91771415845505	-5.93744212682856	-6.84392375880676	-6.33414090096082	-7.12831449027703	-6.14207055062313	-6.56873161594478	-6.84691916026668	-6.07762107129401	-5.59450456983546
"Seed_kind-V1"	0.615169030312466	0.481893361002525	0.469481295237066	0.305670973046367	0.59428239994507	0.164573546945876	0.379880469776675	0.476610115923117	0.487025662722404	0.69824847778144
"region12_17-V2"	0.027475892538072	0.000637613343179405	-0.188378508983370	0.123303526017566	0.500721039173324	-0.172703571778737	0.081664610693683	-0.0369564956985814	-0.538681752151323	-0.461661075413831
"SiteAcc-V3"	2.15045725195705	-0.994235032094414	1.33382248137752	-0.889222832697698	3.08461938468967	-0.399965785227386	0.264975191796216	1.83833564016206	0.662546711418464	0.373593651918777
"SeedAcc-V4"	-1.19200204026209	-1.69062912606278	-0.373484373068455	-0.310101200324235	-2.01344525462386	-0.290980102142	-0.20092511964002	-0.567504765250416	-0.269979141152503	-1.98375890010780
"UpsAcc_15nt-V5"	0.172511330950528	0.853702571884679	0.547832768068604	-0.137725734663225	-0.528751217125475	-0.185696905307292	-0.77097146531961	-1.03475714556557	-0.718955674541404	-0.184188140865603
"DwsAcc_15nt-V6"	-0.0525944056131049	0.207523022971834	1.33520041293347	0.799850625786663	0.722826767648354	0.615598208715082	0.546654371669348	0.474121639337236	0.664898461177097	0.606368085623424
"UpAU_30nt-V7"	12.6282057488494	10.5639988481527	11.5605849786875	11.0495579731456	14.3782605295437	10.8857959425760	14.4007648973035	14.2148574500084	12.1592421662611	10.973633086552
"DwAU_30nt-V8"	3.57037435153545	4.31674781817504	2.91277927317773	4.24281386797137	2.27900868037154	4.73441997112589	2.33536170548560	3.24568924158742	3.09896421617014	2.67978789237020
"Gtotal-V9"	0.0229947870548426	-0.0221537741110175	-0.00340194151349445	-0.0154555904320132	0.0105953935207513	0.00509899905851021	0.00324849970781099	-0.0145259909320449	-0.019121949131258	-0.0283175453213668
"Gnucl-V10"	0.139950307115210	0.0832603586426268	0.221218811333819	0.260960853770537	0.226195120103277	0.154434950846487	0.191778932893201	0.318629110364266	0.334926533097537	0.224728132818421
"SiteBegin-V11"	0.624347249625334	0.0965572014960422	1.55364401606408	1.04549570466231	0.497479436205948	0.353798696756706	0.285361786501514	0.665007090712616	1.03004302421738	0.440946629641007
"V1*V2"	-0.236952061367837	-0.162343804239197	-0.0465638194275825	0.0756186854453888	-0.116941142809909	-0.0582658340859702	-0.136973732129713	-0.0304501976985912	-0.0269919218110037	-0.116856403795223
"V1*V3"	0.78098008000971	0.870214346864626	1.12559564898759	0.886127534466627	0.0642282330086609	1.09409185449211	0.94139299212324	1.06205985419685	0.482963010297852	0.774794298793293
"V2*V3"	0.491157363963963	1.48319422726235	-0.610432221700689	1.02806211237354	1.04930074850732	1.26141399359674	-0.113408233933887	-0.399852804548253	0.963131870116744	1.45531886068173
"V1*V4"	-0.172223322690332	-0.074718512787158	-0.0899053316646497	-0.098009781609264	-0.0819973942809198	-0.418316955674199	-0.186903647382483	-0.312758706448865	-0.137536488195362	-0.446327299227723
"V2*V4"	0.0639240953959438	-0.355792840444732	-0.0467430973530442	-0.329780576929125	0.769010465922827	-0.169067458561793	-0.457052854240864	0.208539901370125	-0.855335309119148	0.144377414117093
"V3*V4"	2.12380921973676	2.61497851612000	1.31602953859073	1.35236168395785	1.06746486983859	2.00589239358933	1.89473057822736	2.18989987306147	1.78558946773629	0.859131226988078
"V1*V5"	-0.133800492882245	-0.00786094264603943	0.0135815513258174	-0.0731246995722671	-0.0533368990191139	0.223836192805609	0.0222214989279254	0.151072645090391	0.156078263022999	-0.0257389425735829
"V2*V5"	0.353442737387460	0.0461184704166994	0.146608833455755	0.258869990669043	0.63110650680582	-0.187253865361125	1.03167447424482	0.692618011008187	0.555458993129397	-0.112518322937138
"V3*V5"	1.78076552578305	-0.133186298696280	0.389391153322541	2.2511286089587	1.08810660869194	1.63184974699294	2.61375743069534	1.6008770877544	1.01462913525318	1.90432474023451
"V4*V5"	-0.764451508264345	-0.417946183154764	-1.86747209054702	-0.992648021701732	-0.806872202869765	-0.290336899813527	-1.70923230135098	-1.48319613706549	-0.177405440129339	-1.02547428219271
"V1*V6"	-0.0261321436464558	-0.198597120655053	-0.390930648502527	-0.291965720665704	-0.412337478779962	-0.0955166416220627	0.0340602152974608	-0.58647040859116	-0.199480472944549	-0.286606040372627
"V2*V6"	-0.00535951803888408	0.659720890230735	-0.112846095543265	-0.237528646322364	0.0855275628910793	0.81336554728485	0.403613486112936	0.771553221118364	-0.228581565317172	-0.255909436550917
"V3*V6"	-1.60954238895399	0.435147803173136	-1.39414942537243	1.86028402524433	0.604384183141	-1.12641821337807	-0.283513962728302	-1.06949780346305	-0.88229983470398	-0.694485292049581
"V4*V6"	1.08658360363453	1.14716400184225	1.41834885024321	0.486128819531433	1.43517471649911	0.998226274110703	0.873906652827778	1.67303620776729	1.47852334590112	1.44664461916823
"V5*V6"	-1.09118483635659	-1.89001129225826	-0.160646529692766	-0.343270853726124	-0.719091764946972	-1.92686897076769	-0.92973731461709	-0.137995341715826	0.160370702306096	0.304897190375253
"V1*V7"	-0.0885959586185414	-0.223828631950300	-0.683886505380605	0.135190373852800	-0.100843474062023	-0.381325086428828	-0.234559026005359	-0.425984483945556	-0.495006693864267	-0.193224994968633
"V2*V7"	-1.54878713384356	-1.24993471034282	-0.53161342260184	-0.116313472965207	-2.78981684695898	-0.776673875450762	-1.73883300163674	-2.30880553616309	-2.03938663905297	-0.710323541747572
"V3*V7"	-14.1486690295729	-9.73801350412658	-9.4286260985473	-11.7337600994924	-13.9291880581260	-8.00810431999865	-12.3042939533648	-13.4615066655841	-9.68849032529752	-10.7461189921445
"V4*V7"	1.38515807614113	2.18020134614456	-0.163147785793868	1.04551318130176	0.64910994774162	-0.234513314978007	1.54035948681598	0.209604242195796	-0.180461079709767	1.31541854435460
"V5*V7"	-0.278735789514925	1.05191322675012	0.480598824126802	-0.170474244615356	-1.36174453478016	1.22620850820525	-1.95663119081124	-0.734960089413789	-0.436750364549523	0.169782418279267
"V6*V7"	1.55411167325771	0.239444270410576	0.216528937327308	-1.40239688142144	-0.885568179119024	-0.680167518835665	-1.50292445509644	-0.0409652721284379	1.06520220853146	-0.247176714322952
"V1*V8"	-0.0400835091132926	0.223635083296870	0.496610006265946	-0.0537537192691873	0.164190677244575	0.385574266235123	0.126254438925516	0.230101439786026	0.0611180274884413	-0.239049236716433
"V2*V8"	2.07750039230110	0.59854290598954	2.49968807586647	0.0814269819124715	0.846988680222337	0.604358110013295	1.39740066193931	2.10880163380904	2.85502984957973	1.83106478601888
"V3*V8"	7.4899907884304	5.31841767948625	7.34876173625999	7.2001481564433	4.35481519175260	3.81535462877157	7.66612934822651	5.86946907538567	5.80122830473116	4.69329598879081
"V4*V8"	-1.07108804927828	-0.61371260330329	0.067907901817903	-0.639367103466936	0.74972172114641	-0.869631081328744	-0.96667029815597	-0.134332305734675	-0.465402548038961	1.36074544060520
"V5*V8"	0.195373909242747	-0.550641156811371	-1.75541317065283	-0.663260132379272	1.15525198357099	-0.590840120989393	1.00780193203125	0.529647262503854	-0.446630847179075	-0.94936238145465
"V6*V8"	-1.09033516196112	-0.982562264351598	-2.03179764203069	-1.53765139461278	-0.907245335377695	-0.463282167513207	-1.03029742316565	-1.87684166669707	-2.47361800413877	-1.26144295462191
"V7*V8"	-8.98796995529188	-7.98053850971218	-7.79152664775101	-6.69767369915106	-5.49501243891791	-7.62302930580311	-7.32940452929128	-7.47937311200068	-6.95009887096398	-6.23974627139741
"V1*V9"	0.0092684535863587	0.0129523439755408	0.00534296315624633	0.00575335955395096	-0.000633668094223424	0.0111609026125356	0.00808578260826804	0.0122700328000038	0.0111877505875314	0.00563846355487703
"V2*V9"	-0.0172600542371668	-0.00523360426207289	-0.0104122745535478	0.00335925233413858	-0.0111800041574358	-0.0132854979399444	-0.00607818997031041	0.00074821165914294	-0.00346749750307548	-0.00282274490981187
"V3*V9"	0.0138814645577139	0.0329315622788405	0.0318585342924053	0.0429660997787291	-0.00444691768904477	0.0299444488120706	-0.00347119149911396	0.0231265871004706	0.0286774574741748	0.0312748968930765
"V4*V9"	-0.0257122774216766	-0.00678533254457702	-0.0256206500426323	-0.0327623319811008	-0.0316058706616415	-0.0299863508759489	-0.028639915687961	-0.00861321956229055	-0.0277603636930824	-0.0243200810407947
"V5*V9"	-0.00387336749082293	-0.00231233341240854	0.00266820401222119	0.00263011115055587	0.00561684311595178	0.0143988678619799	-0.00114722033866449	0.0141955554354859	0.00562795385873615	0.01231509225486
"V6*V9"	-0.0055486486587748	-0.0110869950397114	-0.0188403793989462	0.00256639451607401	0.00403836517567105	-0.00728040262535307	-0.0106020811006477	0.00282546224844919	-0.0114656791534933	0.0063500274196916
"V7*V9"	-0.0289986498323827	0.0302097396022843	-0.00713629526408922	-0.0100683637791160	-0.0090515871121343	-0.000952201353746777	0.00324612311983528	-0.0196160340743764	0.0223322540366201	-0.0062591046627798
"V8*V9"	-0.0127252570616879	-0.032349844011825	0.0095880020357931	-0.00440799300991731	-0.0196361195503471	-0.0376199697025565	-0.0150289158733402	-0.0350571848450237	-0.0151110733149358	0.00624909485926933
"V1*V10"	-0.0516035214682001	-0.0203695464132616	-0.0230428286569171	-0.0372159318599896	-0.053167081116829	-0.0523469990888836	-0.0345916634339135	-0.0538552184252686	-0.0793819421865107	-0.0739449294336872
"V2*V10"	-0.0201993564739543	-0.0446997557991111	-0.0124988517101645	-0.0503624739500475	-0.0185964239224382	0.0119897647999894	-0.067847370896164	-0.0797940636585923	-0.104262074903182	-0.00636947150684869
"V3*V10"	-0.205402060985336	-0.186884249279555	-0.338341595449229	-0.301947471436161	-0.245444747185652	-0.197640652857754	-0.239742388339820	-0.284359934833480	-0.294579619806831	-0.172232140426557
"V4*V10"	0.0568917600108246	0.0833819380654345	0.0748462681582231	0.0728803340514974	0.0120528565626194	0.0131285935653916	0.0647586244133965	0.0784714198614114	0.0773430073135922	-0.062151490553374
"V5*V10"	0.00578619036441985	-0.0188332428606142	-0.179028558360590	-0.0153234719542935	-0.137511976278667	0.00228538920782214	-0.057866376372682	-0.144280288821287	-0.0578341531592686	-0.0797245125459956
"V6*V10"	-0.214859922142625	-0.0303330067597236	-0.0655730972534102	-0.150579725004169	-0.0580692551282328	-0.0933957353729595	-0.183301486391745	-0.0888579376764438	-0.116776028447868	-0.065878186813556
"V7*V10"	-0.210671835626729	-0.109410077158095	-0.248311507238385	-0.337887304827518	-0.233789266998321	-0.214316752881411	-0.110286396681720	-0.289048798289543	-0.254700938109236	-0.191777199984841
"V8*V10"	0.308372603459266	0.111989893572897	0.228840715211749	0.234889020210425	0.247926560886433	0.177640945862706	0.193338144220352	0.274826324892409	0.177370563828648	0.111989041439669
"V9*V10"	-0.00268161461378413	0.00117997987791422	-0.00330798637116181	-0.00226254177285370	-0.00276496993690950	-0.00283270579538219	-0.00310252422087311	-0.00138687184237088	-0.00198118117472031	-0.000903498040176902
"V1*V11"	-0.116127950916431	-0.141947547290149	-0.125734739257732	-0.158263173113076	0.132051289183808	0.0591444131670285	-0.0518568879346184	-0.0219826984261193	0.0443526448771921	-0.0280328482537807
"V2*V11"	-0.266561490932127	-0.144991901106809	-0.225729505077954	-0.290276179530162	-0.109657401490102	0.0912681520609424	-0.0157266478750536	-0.383044094141762	0.0434501069326405	-0.230834682657747
"V3*V11"	0.238338364028534	1.77334680147533	-0.675856726296465	-0.129287709394440	0.186692788140851	0.398353201704358	-0.123276943999325	1.10032180767953	-0.422952689342579	0.945055311586593
"V4*V11"	0.61863371412707	0.759197775772551	0.988399214548552	1.1691449953996	0.471920131407143	0.717386095166905	1.11724091204724	0.362892413694696	0.860732936462252	1.09040529748395
"V5*V11"	0.306415099679034	0.395288277898545	0.917190110915742	0.736377293575458	0.557749349379375	0.77871366104257	1.26508545334228	1.00877198432506	0.682789355981265	0.500093045919143
"V6*V11"	0.659792875253197	0.461993605859697	0.503010315169858	0.641292708403964	0.461014808810597	0.749058004837289	0.99505439988373	0.662733591046426	0.898611380716443	0.88719634751801
"V7*V11"	0.283139300998011	0.403343965347865	-0.816198193236174	-0.465280085242687	-0.616887742958321	-0.751022144457035	-0.461090986731006	-0.20900250119067	-0.515588000822753	-0.836152772388229
"V8*V11"	-0.527332420793249	-0.758436268032118	-1.43937934765073	-0.786466384907681	-0.192613168833467	-0.595536079932843	-0.93560825702875	-1.47332596957763	-1.74499985905648	-0.345707924442594
"V9*V11"	0.00220500812880208	0.0133787600375565	-0.00346362984052228	-0.00506720926985588	0.0144473505072675	-0.00295429901928029	0.00453358755326866	0.0141896268398726	-0.00327721437056803	0.0100393341454633
"V10*V11"	0.00661027323548852	0.0371712418037258	0.000906694602366999	0.0428598231378869	-0.0209403846745877	0.00638200795081626	0.0223990496274563	-0.0413359867415477	0.00857593828970056	0.0320719025029096
