"rowName"	"T1"	"T2"	"T3"	"T4"	"T5"	"T6"	"T7"	"T8"	"T9"	"T10"
"Intercept"	-3.05388547786187	-2.9660826109044	-2.88807451488222	-2.78506985225376	-2.75974995550763	-2.81560947041653	-2.90246929553931	-2.7816788658424	-2.66908767788206	-2.9260004655507
"Seed_kind-V1"	0.468004345254039	0.478889856438036	0.484304322033917	0.462032882001716	0.484877545982184	0.472188642627513	0.485900861433674	0.48229352292165	0.472846508145496	0.460090513735227
"region12_17-V2"	0.528439830979647	0.383896324998427	0.313833098688009	0.244820253440755	0.205444086553819	0.206943526856412	0.299513197983097	0.164729329831044	0.148187266365303	0.322503280887692
"SiteAcc-V3"	0.207523577309268	0.148454452059708	0.0510415561976519	0.118954952757531	0.201884777205818	0.234557233847896	0.306648050647948	0.193254523873447	-4.11411104176496e-05	0.124111583755431
"SeedAcc-V4"	-0.176556224828632	-0.168615585661298	-0.092450831373412	-0.13837531333281	-0.225579324788653	-0.195249879379098	-0.224184715146584	-0.120954017776239	-0.16102174333275	-0.151647037552447
"DwsAcc_10nt-V5"	0.289319239825099	0.301827260303824	0.304913699562832	0.280657511255954	0.266418219578818	0.349930922643958	0.30535040462006	0.341704448890247	0.305849937642952	0.288434807935683
"UpsAcc_15nt-V6"	0.22454338314799	0.234713087058398	0.240616002871002	0.181500379576107	0.247410472331271	0.21205658044007	0.170234959740156	0.223068651648927	0.218173269069895	0.291997479726881
"UpAU_30nt-V7"	1.05051981695234	1.04922584204604	0.947366869508524	0.987126299798592	0.959802477916067	0.979226789920566	1.05933743977929	1.03187809033404	0.9401078575681	0.982503137505957
"DwAU_30nt-V8"	1.54840527098359	1.58182669230838	1.68154476855591	1.68390302400118	1.59073495647858	1.56079668508433	1.58180307832715	1.55056016854499	1.60465730221539	1.62679711797107
"Gtotal-V9"	-0.0541374844608528	-0.0533822836049036	-0.0557771100519832	-0.0558198644303786	-0.0534699362964381	-0.0533008600452573	-0.0536226621153283	-0.0546474712989299	-0.05574036831609	-0.0538374942381881
"Gnucl-V10"	0.0142908437601366	0.0173364983762542	0.0220775766205853	0.0183322979821999	0.0128286356602155	0.0110833751011986	0.0174293862549108	0.0223538578339865	0.00752179342545412	0.00933863372608805
"SiteBegin-V11"	-0.481864236333164	-0.430542036793293	-0.455797688643938	-0.48021566558588	-0.429010754204905	-0.39713808233003	-0.482560507884573	-0.444582207871442	-0.428214135622357	-0.41266281060341
"site_conser-V12"	0.473478665959438	0.528734565069955	0.488924740762074	0.458751942619287	0.493403312069185	0.466964672405809	0.503129973769263	0.505071873246105	0.472306279086195	0.438982381616373
"seed_conser-V13"	0.439455047270283	0.406530143190504	0.463657770556547	0.445942063994063	0.435026171131519	0.488388011661208	0.460823855893409	0.459456459865489	0.48257691581603	0.50076094286588
"Intercept"	-8.03661647281052	-7.8976777619066	-7.92663928100693	-8.57081210533258	-9.31863939621809	-8.26145583971045	-8.01661122045068	-7.74320782408487	-7.51058982740336	-8.9410635925521
"Seed_kind-V1"	0.814675184839696	0.707591244823316	0.819320335090982	0.887645761859548	0.756452588662485	1.05399948580494	0.981145744890743	0.657259255957139	0.717987222629127	0.750032586478972
"region12_17-V2"	3.04012138076961	3.38022267800983	3.43364592724955	4.24045385107509	5.40172451398213	3.60349744957032	3.73407292909562	3.30024823262387	2.69000288637306	4.59611298231366
"SiteAcc-V3"	5.37758980804473	5.7516680344057	4.23785567750575	4.570364007101	5.43653058320302	5.28987894785275	3.00871056543398	4.59608081567559	3.43669306993496	5.72132139049706
"SeedAcc-V4"	-1.27196516361019	-1.78950230607812	-0.896406228580924	-0.96585064898297	-0.791720582296994	-0.92963292231567	-1.69582509651044	-0.793115867077307	-0.9413150603604	-0.818791360235225
"DwsAcc_10nt-V5"	2.19970444305722	3.46486340751806	3.38267023558827	2.32162857464906	2.97658651675015	2.73438741618822	3.02963301310659	2.94787726140318	2.68037634697765	2.61985122186232
"UpsAcc_15nt-V6"	1.26771074751975	0.407330402808634	0.0388619838050215	0.470651701014905	2.26200686597646	1.8973266183017	0.749172164959378	1.26079454793956	1.36867369941867	1.4836268398315
"UpAU_30nt-V7"	4.7294327521162	3.37900070423555	4.52197134787805	4.11365960584233	3.77405382883003	2.80222111219434	4.23557188309621	3.78678579889642	4.98781571774897	4.51074849889548
"DwAU_30nt-V8"	8.09452179426092	8.27512863577131	8.27813371102093	9.92050375035152	9.25078707535366	9.7543561606726	8.29115148312436	8.39413828276803	8.36609161964382	8.95105238475357
"Gtotal-V9"	0.13143671546244	0.154039546012204	0.150124852962531	0.149350997898618	0.151974033828092	0.166177180410301	0.142499854696431	0.155180245326554	0.158446749664323	0.159485302687987
"Gnucl-V10"	0.165987492817112	0.158949089205163	0.164170174901622	0.173851396148602	0.238885602496981	0.213106649725241	0.0690806654276013	0.229826108449728	0.149499558655379	0.176129233580108
"SiteBegin-V11"	-2.16507097470426	-1.99621136638704	-2.35843271377926	-1.91824283396625	-2.33534022299407	-2.47952481008644	-1.84642087198959	-2.07666953139166	-2.15886161055261	-2.48368006183231
"site_conser-V12"	2.14001805722627	1.43531226090551	2.40506952566084	0.87487660842138	2.22874087575348	1.70252974907732	0.836554199453646	0.83064354614917	2.27629718844936	1.64280528860924
"seed_conser-V13"	-0.582356714033264	0.470983809867707	-0.651016320290059	0.220786714012798	-0.667570832991682	-0.503892661260283	0.878362867541592	0.530973928006302	-0.985094428567235	-0.452241125397428
"V1*V2"	-0.0331275868396193	-0.0812496342835697	-0.0655568473741862	-0.00797012391034913	0.0387960415275604	-0.29266197001662	-0.239440627098732	0.111853984979595	0.233419452154695	0.100493580131157
"V1*V3"	0.173345674530187	0.390560815069753	0.347202043220286	0.192678493365649	0.0679936593441358	0.41596587510603	0.389093931403666	0.312021289445836	0.22479873941108	0.112472255390614
"V2*V3"	-2.39793043172955	-3.55637602858412	-2.46846536529236	-3.1251385533908	-4.46611128932848	-3.40599658974239	-1.17112133422557	-3.09937090910966	-1.70335375180219	-3.73143583305737
"V1*V4"	0.143839048648507	0.0677584625033254	0.236173433382673	0.262581262176583	0.174394199001018	0.145390672762835	0.154053600952139	0.159125795151343	0.0941141511785276	0.246193088106266
"V2*V4"	-0.373349783522981	0.0585576033814461	-0.772495331000676	-0.632189379061523	-0.693122491415544	-0.582480602343092	-0.142265650957216	-0.46582768053378	-0.470065049316775	-0.604792424522212
"V3*V4"	2.33519754384507	2.55116584860354	2.95021901801245	2.72100344450384	2.51719932908474	2.90305096377229	2.69966587713431	3.01831516080047	2.90656261470952	2.00946005853185
"V1*V5"	-0.134436161109092	-0.192091636228666	-0.321879250524304	-0.187832189282647	-0.187397390045689	-0.238054086163129	-0.1606274474702	-0.252921924177393	-0.121146329226883	-0.155357660597204
"V2*V5"	0.049688053271528	-1.2141740092828	-1.0467248737807	-0.833516372574005	-1.51438806288359	-1.00101200937951	-1.2621257849087	-1.08232125228393	-1.37878850615407	-1.11669864677038
"V3*V5"	-0.623126960034863	-0.797060128680499	-0.388103269064231	-0.0254386596796136	-0.152556104457938	-0.645225233788259	-0.438436943849578	-0.0235858093259841	0.601321384232128	-0.244063127681188
"V4*V5"	0.0363441623707193	0.460170063578234	0.23045854137224	0.254888457910465	0.225032639409355	0.456693407189246	0.23448316597762	0.356942016595712	0.037547367435231	0.297887011192827
"V1*V6"	-0.230169468257386	0.0261386001774957	-0.120540399784013	-0.29290046892946	-0.211165981166583	-0.245242359786658	-0.261310587126423	-0.225388444397604	-0.224448640266376	-0.211500159083796
"V2*V6"	-0.176334740703396	0.0364341323948411	0.61820808076795	0.0183199556642914	-1.47198265365621	-0.709887649085703	0.564771361811385	-0.155654694599937	-0.411047531415119	-0.448320193041623
"V3*V6"	-0.490233686909197	0.433407785337969	0.528444051190306	0.803197671141513	0.167328697412314	0.60104612948421	-0.102422497074334	0.329989425320647	0.310465021917141	-0.569340592483923
"V4*V6"	-0.272111675680561	0.0960499440317872	-0.466602044271061	-0.64573927968728	-0.23641659244129	-0.549059798257148	-0.27201307575545	-0.164696217655028	-0.145618336466348	-0.328301488114591
"V5*V6"	0.172436748822369	-0.0427080755905818	-0.016211602598276	0.682272925481177	0.64546082428935	0.485405570057547	-0.0325423643398531	0.461162271109844	0.411089890514931	0.487203996227625
"V1*V7"	-0.203299574144343	-0.29062523624646	-0.368517503509172	-0.271175690645205	-0.186277864227177	-0.142617046775006	-0.0889098705865501	-0.113877895071657	-0.20531964581672	-0.189070678499829
"V2*V7"	-1.63488001126367	-0.0647218789899736	-1.76990177697389	-1.55934165916785	-1.19662583028112	-0.0104531955492884	-1.95925818065997	-1.20564088134485	-1.99485026608509	-2.15530480626263
"V3*V7"	-2.55582879824546	-2.74649625870689	-0.573932285249843	-1.87058120273184	-0.690045835651526	-1.88041558219485	-1.35217588834526	-1.94372952814326	-2.22631074329493	-1.55721487929955
"V4*V7"	1.40611764635443	1.51321253312914	1.97516344450129	1.90037759492771	1.67419109597934	1.55998607527351	1.95861591484997	1.19375255940632	1.70262738365816	2.34598696342768
"V5*V7"	0.540250797282996	-0.076255624661423	-0.276720103346781	0.278843206326249	0.257164363327689	0.323505043731769	0.286313814622387	0.08538987440754	0.128930837746347	0.0410286850850979
"V6*V7"	-1.28012209161074	-1.03269511714312	-1.81047683271072	-1.51968663328457	-1.89634219722004	-1.58640653286084	-1.98838188693751	-1.65627353050153	-1.5125659892979	-1.38706171383539
"V1*V8"	-0.216871876173145	-0.0944470971818906	0.0158780767099911	-0.231144291194583	-0.0728565786541601	-0.320012994355104	-0.257329146731282	-0.171635022392085	-0.422478587308268	-0.275868062038558
"V2*V8"	-2.69491147209611	-3.37038278824957	-3.13001945457645	-4.66043099387973	-4.72922456406539	-4.42428498590729	-3.49385304576337	-3.52573181718208	-2.49903391688367	-3.93194600594847
"V3*V8"	-4.74182897363399	-4.21737027709105	-6.55082598877474	-5.18429459633977	-4.48299578350799	-5.06635381391757	-4.9977936551996	-4.55040221594753	-5.17340690616023	-4.65987407631903
"V4*V8"	-0.411443661245622	-1.05260528962044	-1.34675985191474	-1.16215040677335	-1.14691580146024	-1.42717449346402	-0.93795404568056	-1.28838826117263	-1.11153463762158	-1.65600528312261
"V5*V8"	-3.62962860298748	-2.96682427710647	-3.0009787199211	-2.79040608042747	-2.75573843412709	-2.84074272326483	-2.66954016420508	-2.96991950111036	-2.51392160343295	-2.36967053428159
"V6*V8"	0.933623249463766	0.882563422034833	1.80846857789842	1.31975912136232	0.851606072187022	0.548952727502235	1.36807204181197	0.515778659210981	0.707039563457346	0.625642366445592
"V7*V8"	-2.08211991628886	-1.96457429198887	-1.74762911561297	-1.57920990529182	-1.72530083571524	-1.75323267539924	-1.41200442771266	-1.20337575013646	-2.32294733935129	-1.55791303075667
"V1*V9"	0.00776759280999972	0.00568337532016911	0.0067663236486091	0.00558941555984528	0.00739436906837946	0.00736221810701368	0.00792009655348642	0.0102446297720013	0.006563334418577	0.00574119882350839
"V2*V9"	-0.134789782432641	-0.157413728012818	-0.157085106449472	-0.1495413794995	-0.159730322227255	-0.165965004534129	-0.144851474222082	-0.156170677820621	-0.163152912947809	-0.154900943155648
"V3*V9"	-0.0437495272296069	-0.0375064166498354	-0.0331533610122042	-0.0607733417395778	-0.0495320301320078	-0.0310835262452256	-0.0520943168975219	-0.0415151139394118	-0.0350672959312539	-0.0431946534208492
"V4*V9"	0.00387768851612464	0.0020935961686843	-0.000262511768202786	0.0147011759751812	0.00424049993701172	-0.00197888191620227	0.00705989660443014	0.0043276538516366	0.00291193106765271	-0.00185549057966815
"V5*V9"	0.00445166160766049	0.000614373249395894	0.00767177334508647	0.0217702121705501	0.0203589607249961	-0.00251150920234299	0.0110924419093254	0.00690522070373071	0.0138567877483264	0.0139612597603884
"V6*V9"	-0.0180497494967713	-0.000870180060310002	-0.0099302783658844	-0.0032027190582896	-0.00546959803362274	0.0105952621333655	-0.0190347161508588	-0.0218344849310092	-0.00352777151648254	-0.0180664035568201
"V7*V9"	-0.05059534209769	-0.0565041514403673	-0.032871975664998	-0.0407073379967467	-0.0514322358532282	-0.0623196352717294	-0.0442981251167923	-0.0556939011149029	-0.0500224929552773	-0.0478814392212067
"V8*V9"	-0.0560589073486176	-0.053489686251308	-0.0812683126610979	-0.0897194473523045	-0.0634981978382927	-0.062778677396572	-0.063462176016026	-0.0603289026607619	-0.0721310729818207	-0.06487446027205
"V1*V10"	0.0146428968302729	0.00935958339523004	0.0226898657406179	0.0172965284612603	0.0199755844406421	0.01229727970513	0.0177730792158703	0.00990788640541907	0.0152426923577884	0.0212963268868713
"V2*V10"	-0.0428759642532889	-0.0382513686209869	-0.0628552173247657	-0.103561942078835	-0.135382898965729	-0.10183186733437	0.0212139840888522	-0.110135585050918	-0.0786712025583114	-0.0672122189852325
"V3*V10"	-0.206812511126052	-0.126615455246457	-0.201687125950033	-0.159285385162143	-0.210127401796812	-0.168947684441866	-0.191860853322896	-0.172473492245699	-0.166203683140752	-0.216917981165754
"V4*V10"	-0.0103662605879769	-0.0184337394046903	0.0363205877442073	0.0213897554254494	0.0149755932103755	0.0222419057295336	0.0236445356726627	0.0353116608003817	0.0419190557571517	0.0181424850390508
"V5*V10"	-0.0393861708278086	0.00949521481298929	-0.0106542687689847	0.00266081332285903	-0.0115050791946106	-0.0243775427470876	-0.0153493834996061	0.00389800854689044	0.0034432763057875	-0.00726111646787225
"V6*V10"	0.0135962508520888	0.0565317292146863	0.0379009935356318	0.0107658953181012	0.00904742858336831	0.0416806314120474	0.0515328610493599	0.0404481252054287	0.0631813918135161	-0.0082417364105341
"V7*V10"	0.052601041687116	0.0231530494548906	0.122615830813996	0.0546637752806541	0.120563372121154	0.0557652064047004	0.10629838343914	0.0623473543151639	0.0555217706736341	0.161600683752604
"V8*V10"	-0.13891166791288	-0.197655273577023	-0.25323043394439	-0.1451461664813	-0.20586648295427	-0.224838379973011	-0.200260601294735	-0.201572874733835	-0.187198826985413	-0.245155719882353
"V9*V10"	-0.00315909439645117	-0.002472339517028	-0.00333570012139174	-0.00326226746626905	-0.00338987025322194	-0.00263883244039239	-0.00358034154431392	-0.00362288619826809	-0.00242264535087944	-0.00282132368269267
"V1*V11"	0.0982024690455192	0.0240833914031522	0.0554651492492647	-0.00451279855084167	0.0394651324720987	0.0638017069672576	-0.0255714573467812	0.00349226412053543	0.0294840240696799	0.0247275776953065
"V2*V11"	0.783854670231983	0.448578772493774	0.709537503584886	0.690963331654122	0.698208416299475	1.17134232896188	0.423649819416652	0.768471209775334	0.66773625836612	1.00107909972377
"V3*V11"	0.586931573163703	0.85449939003731	1.00501455274963	1.25507156946686	1.14907611384543	0.774823611307636	0.978946249268038	0.841675357028516	1.09344198503159	0.859912940814413
"V4*V11"	-0.518650370506158	-0.297425270768426	-0.420171468163965	-0.489703509549171	-0.681351886728513	-0.260522897455456	-0.347815138068844	-0.570569953554865	-0.636607309680518	-0.468556241144865
"V5*V11"	0.184178128070751	0.245627882479708	0.363894265365628	0.269627594783395	0.0987258764172364	0.186509085775431	0.175877433304378	0.168697642466047	0.00346693557950258	0.0779636070575037
"V6*V11"	-0.318144583161363	-0.21356966144187	-0.361795048212093	-0.232608417856202	0.0254890366500619	-0.306843238743843	-0.25242318151444	-0.104268275239366	-0.134698688152746	0.216927108043437
"V7*V11"	0.407075763933993	0.533162202727775	0.346426261207907	0.455895863432275	0.363532854415178	0.304076114980799	0.563674672145789	0.450791403221252	0.702119395947089	0.418104893002971
"V8*V11"	0.805864250598125	0.66397437539163	0.976730523079875	0.140464949730793	0.942807933200926	0.744935151713644	0.416492392319362	0.474117536750027	0.57817035141346	0.6428025762832
"V9*V11"	0.00566141028860742	0.00413388945092383	0.0112131449789689	0.0038931869472212	0.00371284791486319	0.000986611244910702	0.00753857705216192	0.00529055321716297	0.00677346524918064	0.000282855811768862
"V10*V11"	0.0132918844795206	0.0249627223787217	0.0171858817772594	0.0335158176046317	0.00479044337144418	0.0412447830385728	0.0142234151599556	-0.013617183196379	0.0136920801810642	0.0111496563338084
"V1*V12"	0.129580110135572	0.212590109858271	0.0831705842916333	0.215947677130969	0.11093076653878	0.143958937920039	0.17801348208359	0.0476555650125148	0.2237013303881	0.164730510011672
"V2*V12"	-1.42016284633435	-0.756890812578248	-1.7432065461793	-0.61035095385086	-0.98335329526066	-0.867249515246202	-0.827118481476941	-0.00167853459232179	-1.95947997097827	-1.30560142479942
"V3*V12"	-0.426866747827269	-0.261038365863676	-1.06437626355926	0.387516902734309	-0.4957237081866	-0.410826461898592	0.404166186291499	-0.14222551101784	-0.0737859097443561	-0.493472773837573
"V4*V12"	-0.538853578175733	-0.269006746183611	-0.460352872301521	-0.039683165300328	-0.453728035333371	-0.309370317509943	-0.630401767621548	-0.526316367856444	-0.110420246007284	-0.643181986261912
"V5*V12"	-0.00192480641182188	-0.221973897731593	-0.0419229054748689	0.079325155056591	-0.304205485106296	-0.189805522127994	-0.128252061857658	-0.383694187425252	-0.609928051264395	-0.049040836307919
"V6*V12"	-0.113125068341504	0.525585213664599	0.383048817763813	0.0846181022336237	-0.235448683296788	0.447963289885628	0.357932214027459	0.661836356456198	0.157508528022045	0.0300189072330781
"V7*V12"	0.181368187193135	-0.207709176411396	0.19713082808571	-0.104174271933472	0.0607722678821935	-0.0502695809983691	0.536182130956047	-0.106193359184021	0.170939218190035	0.482489414380266
"V8*V12"	-0.80720146513153	-0.80260164952343	-0.583062536640115	-0.710747983859311	-1.16442994798456	-1.07658261151439	-0.537672489366251	-0.862950850148354	-0.566887789916495	-0.581722777896351
"V9*V12"	0.0118543500709769	-0.0086232448368041	-0.00879491924384925	0.00274046227711302	-0.00326940376151087	-0.00195105733010185	-0.00209911141539984	-0.00629438746320248	0.00140471544263695	-0.000369846478880465
"V10*V12"	-0.0985320655917124	-0.0131026637573997	-0.0329007114063322	-0.0419006824622101	-0.0511200933729585	-0.0527805253447874	-0.0507205077037308	-0.0775655723892577	-0.0233359479685507	-0.0751288993546116
"V11*V12"	0.702557560275677	0.979356874495175	0.685734466451947	0.620977681623892	0.690170535988976	0.731354673356601	0.751713013850549	0.731940484425536	0.679082262423858	0.664782158803539
"V1*V13"	-0.125993461667119	-0.170396785245613	-0.156528655468013	-0.226059772519244	-0.121927774237117	-0.152950918154638	-0.172562650223425	-0.0778236975248214	-0.194009582159697	-0.181485305867475
"V2*V13"	1.8915196719532	1.02510933709986	2.12852038693997	1.53463814168222	1.64896664564871	1.80227594481586	1.22446439512397	0.646397973395878	2.61960357625173	2.11731002364012
"V3*V13"	0.255667190299309	-0.266760580134631	0.451015344987629	-0.640349135731195	-0.321640590388453	0.0528402678026727	-0.687847515569375	-0.315741581002743	-0.371767771030081	0.277636417768281
"V4*V13"	0.568541533041367	0.293037762295574	0.592944315247333	0.162239576926777	0.5087602342404	0.441380448171296	0.5040304724925	0.579093407083216	0.165657447414238	0.591913037907821
"V5*V13"	0.234135244381312	0.393290493057813	0.300026925516569	-0.00109625916270079	0.486531749210283	0.282316884491217	0.278153316942107	0.472224394272461	0.784618868750181	0.149556103961896
"V6*V13"	-0.205321843336302	-0.849603698527399	-0.564563695061375	-0.388667319399642	-0.0247185100860481	-0.76028228503814	-0.671041367075507	-1.0812363092429	-0.486284628965827	-0.441824456448198
"V7*V13"	-0.692868722780677	-0.364247845975791	-0.71643964430838	-0.407579754653869	-0.722352238059995	-0.45129966566299	-0.911883097067104	-0.218379767293664	-0.69411660192471	-0.83498216970167
"V8*V13"	-0.077455720218699	-0.134656246925017	-0.455916420916172	-0.149301465863781	0.228061120523123	0.167456190697264	-0.397264020712512	0.127499667156924	-0.304210976145594	-0.358077363996924
"V9*V13"	-0.00405933663588642	0.00931194768076354	0.00462443743466485	0.00345957421298071	0.00575227754088158	0.00344992702625843	0.000430424625499839	0.00484579261898288	-0.00296349115297654	0.000515222013976003
"V10*V13"	0.13228355711854	0.03784436254637	0.0736159780311015	0.0595430485455177	0.0594535843823197	0.0866267379927034	0.0738355282739058	0.092125532402838	0.049870092724548	0.0826136383934179
"V11*V13"	-0.192621191874674	-0.360033838453837	-0.111263036634062	-0.0772919714096324	-0.161113709125039	-0.118568413909951	-0.12500783133345	-0.188917450106373	-0.106488962184318	-0.103765689221864
"V12*V13"	-0.292075028319096	-0.324114880383922	-0.170280957731937	-0.248037715798171	-0.147342831643393	-0.264576704473112	-0.356820004739124	-0.251012060662226	-0.125393870328851	-0.211734988435365
