"rowName"	"T1"	"T2"	"T3"	"T4"	"T5"	"T6"	"T7"	"T8"	"T9"	"T10"
"Intercept"	-5.14831031340889	-5.10275885134114	-5.11510497691007	-5.13972829122655	-4.95691976306147	-5.01670241702724	-5.06155379860341	-4.98407104813994	-5.17590030407114	-5.16267340545239
"region12_17-V1"	0.22264113645868	0.0428243794350982	0.140834135971092	0.173306898745054	0.108320704788828	0.0757958036878783	0.0996335345819506	0.0853245368987978	0.196982777806319	0.121869252706958
"SiteAcc-V2"	2.28780083347328	2.37691942503108	2.29648857473226	2.36818247412642	2.4326094906692	2.3313847503656	2.34590744136015	2.26729051769953	2.34323818871901	2.46073276037396
"UpsAcc_20nt-V3"	1.31168759843712	1.38618170921123	1.25933533431012	1.45177260361016	1.24951458934579	1.23834794002453	1.22094597556053	1.18210837036481	1.43198919560592	1.30013776162365
"UpAU_20nt-V4"	2.68821219472953	2.93562242070951	2.81557755157358	2.66970945326729	2.61570703591681	2.5557697072554	2.89671859730137	2.69141737491198	2.81028246985562	2.8429221122706
"DwsAcc_20nt-V5"	0.641410403010098	0.651992308946095	0.630412290470514	0.605683649512977	0.460478004625937	0.795993021164547	0.728735811499809	0.576918340453368	0.683679166992222	0.598215073412229
"DwAU_30nt-V6"	2.21211642786775	2.02986731180629	2.08605707719462	2.1241892703496	1.98599739269254	2.31346746513054	2.01212863522375	2.23226312327726	1.96868109818393	2.10465217495734
"Gtotal-V7"	-0.0146514482812453	-0.0135898981926175	-0.0159430530669666	-0.0124434346372004	-0.0127125821132603	-0.0148832546038015	-0.0155730828927684	-0.0143008572725785	-0.0127590424527449	-0.0128097179660334
"Gnucl-V8"	-0.00919740658134549	-0.0141403665676956	-0.0173419529143841	-0.0217528482577725	-0.0103690043122901	-0.00153550093965876	-0.0068032497036919	-0.0136942600143835	-0.011939065720773	-0.0112552112999042
"SiteBegin-V9"	1.56168148138258	1.55883198005099	1.59061371509405	1.54294345802824	1.66126868522907	1.51703033205181	1.56167171070352	1.57948647191471	1.57622593145738	1.59321712375669
"site_conser-V10"	0.903479122404088	0.914868458650045	0.982233176194489	0.893572269504922	0.908430702605583	0.884056103805647	0.914712494482614	0.905427719561404	0.91454800346275	0.948505663866219
"Intercept"	-3.56712777702693	-3.91761150743075	-4.06373230728365	-4.58439111672327	-4.71098429254573	-3.81800327452508	-4.25266808332704	-4.21569517093466	-4.64898472880676	-4.43009050720169
"region12_17-V1"	0.228392366254812	0.332213441619795	0.608473851732141	-0.0213548394425504	0.540902572599144	-0.217710727938906	0.17143107187194	0.158811106511063	0.835965859902776	1.10136989472659
"SiteAcc-V2"	10.7786984759654	10.0140488780077	10.850523983669	11.4674626474765	12.5017426225347	10.1341677199066	10.426142697213	11.5273345126216	11.5253045123355	10.6952762867287
"UpsAcc_20nt-V3"	4.44129547787407	4.55970959204248	5.23313438974427	6.13485031208348	5.17393275060579	4.37126784319115	5.20773879407454	5.30928910685714	6.3139377889496	5.16160292667842
"UpAU_20nt-V4"	3.6326354665857	2.84525279487435	2.9512954071899	4.3845458473553	2.76755330641889	4.93220364501283	2.94947419888652	2.62170469478208	3.24573785711514	3.64288107011098
"DwsAcc_20nt-V5"	3.63675669011553	3.53312597988082	4.65398994098494	3.55615801392712	4.90417452307793	4.7615375859966	4.13043860406608	4.36613517812712	4.07280613802631	2.86210496790905
"DwAU_30nt-V6"	-4.6742742264367	-2.83496268535331	-5.72058169167883	-3.14698645388506	-2.72167166592086	-5.73773373291064	-1.84931346483295	-3.7892408483211	-4.81766218514493	-3.31349207288303
"Gtotal-V7"	-0.0629062683346442	-0.0538585121793199	-0.0497386098300079	-0.0653687496896828	-0.0677439952691669	-0.0782176845465853	-0.0678092179750459	-0.0592431752667617	-0.0685770723037128	-0.056152080573716
"Gnucl-V8"	0.230581341893859	0.213031312474075	0.12990311551432	0.204815649162895	0.218198344139159	0.125946521134224	0.123414691843869	0.189773468917929	0.103415658840429	0.0969583260644817
"SiteBegin-V9"	-8.72777158202343	-7.85586926904592	-7.85017040551338	-8.0956382864475	-8.40576950059721	-7.98565339420126	-8.66585023183116	-7.98487190119824	-8.0041304095524	-8.47784802256731
"site_conser-V10"	-1.84122925768004	-1.51727799244264	-1.54052044931284	-1.50190079806432	-1.35927526780189	-1.35917124166157	-1.41471802204627	-1.15357366154458	-1.39677006057432	-1.28422326102057
"V1*V2"	0.322556208653243	0.879268467993479	1.03260792632706	1.86668358771636	0.705829380759145	1.10617443119703	0.768558220038437	1.26996295286356	0.799902279662308	-0.281429366180765
"V1*V3"	1.16527808017634	0.618532368280574	-0.0280726902480749	-0.0543966364877231	0.583570917806182	0.555855071343547	0.611690454014779	0.321640601479022	-0.131574530426524	-0.318829549272885
"V2*V3"	-17.412471982888	-17.9677271986996	-18.7433489000874	-19.1168407633769	-19.0437965388965	-16.318704419881	-18.4689717139993	-19.0784047310809	-20.3445864208738	-16.3814013240692
"V1*V4"	-1.45608304464581	-1.08518542091277	-1.24007836953617	-1.54015062816439	-0.95600532912559	-1.06174998814258	-0.930205856618682	-1.74055853165198	-1.58175680852397	-1.63619404936942
"V2*V4"	2.08910907529769	4.67471420620783	2.381028704437	2.49724568217189	3.57767527172183	-0.70865834290019	2.4614429361911	5.10576563322679	2.99742014442317	2.0747174217726
"V3*V4"	-3.70992226519888	-3.65707943017836	-4.18563412572735	-3.61815946432373	-2.78056757525791	-3.21888244001626	-3.05451457804431	-3.6182231220844	-3.52753332291843	-3.15069631482233
"V1*V5"	0.335564804869168	0.697406463181993	0.154017511570871	1.54166192686038	-0.227540736909507	0.757955326643342	0.665571882064812	1.41624492558098	0.250366177642157	0.91975768952372
"V2*V5"	-19.3830774402125	-16.8114727263937	-18.1622340929733	-19.7092236296635	-21.5206219399278	-21.0801996932461	-18.6038005866905	-21.627673364044	-20.1278236148936	-17.569345167429
"V3*V5"	-9.5155563638225	-9.13427637906403	-10.7987160369727	-9.3660600092004	-9.6916766026126	-7.71476506145257	-9.920561911019	-9.7179604245924	-9.63911524452312	-9.8993174589078
"V4*V5"	4.62937594680631	4.83529648846379	6.34345909774124	4.48244111984051	4.9905062951881	2.47597736979021	6.0948619644888	5.72800905309722	6.71880502579053	5.24961755916431
"V1*V6"	0.0384087811226118	-0.470432446750869	0.241142705491754	-0.207211496515763	-0.751200208384251	0.132871575991858	-0.711957767428065	-0.327946893054531	-0.0586566834493168	-0.0466693071300511
"V2*V6"	10.5042901762924	7.41712509944304	11.2382793339609	8.6371645127335	9.4296821336353	15.2207339266721	9.34537009716631	9.82695138701795	12.9640729737098	10.5418770985524
"V3*V6"	1.42846747793062	3.17277970054147	5.45494283720298	2.53778433644348	2.52355598655306	1.22381821961317	2.70271652300306	3.41820493418497	3.02752113774052	3.58870865558809
"V4*V6"	-10.1789927285431	-11.7003021200572	-11.034987930714	-13.3095963617491	-13.0552975571882	-11.689253020231	-12.6702296724992	-11.7324826899255	-12.4319152065878	-13.2499025692304
"V5*V6"	1.32286902532339	-0.245821077891742	-0.580386398737926	0.853752545606813	0.196555269245479	2.21824706791349	-1.52175131864	-0.499822643768669	-0.0709673949086595	-0.0671707600046653
"V1*V7"	-0.000397811109461406	0.00102821718548593	-0.00362629568414171	0.000369185366896106	0.00992400947062322	0.0139182408404853	0.00743356818351313	-0.00342158490950334	0.00708990317851727	-0.0111352925193853
"V2*V7"	0.136815692397508	0.10714698381795	0.12063952360851	0.132859293204329	0.104545506212055	0.132565332424271	0.136026549190491	0.124643670447694	0.138161188349216	0.100745796800531
"V3*V7"	-0.0196928973348806	-0.013262042576554	0.0038166655689106	-0.0165538343292584	0.0018382628120161	-0.00776070538121062	-0.0193392187498175	0.0114674989588214	-0.0150031081161867	-0.0249211759671409
"V4*V7"	-0.00612193037950071	0.00808954903271904	-0.0086936635354768	0.00149530163217405	0.0171863559026063	-0.0336048797441779	-0.0104878004460681	0.0150821160241869	-0.0129879865219749	0.0443230871219512
"V5*V7"	0.0162883548018142	0.0443712027419971	-0.0194112734780647	0.0201500936518474	0.0161882196915522	0.0259226883819686	0.00180776841185724	-0.017021804547008	0.0107182190419824	0.057617656477944
"V6*V7"	0.142402650838327	0.103971364612573	0.164270064886242	0.150233987795612	0.131800292542834	0.168454085352423	0.161155240454375	0.158338934275412	0.184249760435221	0.120410479577933
"V1*V8"	-0.0364896345344033	-0.0183595832328307	0.0466992940061581	-0.0176204858110726	0.0378437506017152	-0.016495069751609	-0.0220908004553293	-0.0312024874130506	0.0351636214891334	0.046517114758009
"V2*V8"	-0.349160721146834	-0.362320052138537	-0.389838634996175	-0.297316246670375	-0.468917598530224	-0.220515900295477	-0.402696153442667	-0.20827607678644	-0.244783721223778	-0.394562233240432
"V3*V8"	-0.51230534563902	-0.504949973276643	-0.415077015997148	-0.479728966856915	-0.435886012661419	-0.323988823442713	-0.308856572542024	-0.466292736141404	-0.560093163257299	-0.271543239857734
"V4*V8"	0.285836267901916	0.390897994609577	0.272448048336308	0.285129642225317	0.170527213226317	0.248451389817695	0.210452928404091	0.30363684068438	0.375303273022253	0.146671660786385
"V5*V8"	0.125511834357248	0.155579090094304	0.247903987247626	0.149028197676924	0.157411068614687	0.135042539586158	0.209560300133463	0.118817850669688	0.30976605048172	0.218176094551098
"V6*V8"	-0.154518233006597	-0.27698158066777	-0.197813631930922	-0.287522365348115	-0.24945235132021	-0.240192436566071	-0.132830978541102	-0.291802149929537	-0.294295624102575	-0.138744970027195
"V7*V8"	0.000792897607249452	7.99869826867074e-05	-0.000464823162211553	0.000630403793164677	-0.00209028420841574	0.00218325143071207	0.000751260071574113	-6.51604307363e-05	-7.45249036912976e-05	-0.000866422760104124
"V1*V9"	-0.485837938664082	-0.937068186807728	-0.831681343203705	-0.831163921486476	-0.158390883807388	-0.528349156417362	-0.423196737188122	-0.821041965157372	-0.595925383986204	-0.588393528915734
"V2*V9"	-0.0816488451495922	-0.771186930328719	-1.5303487967327	-0.702781685422514	-0.90134678959106	-0.67690435943725	0.884082017320827	-1.07210437788607	-1.11804721619765	-0.759904130771184
"V3*V9"	8.09379022487924	7.6976343099975	8.2583548865855	7.97265018215108	7.57795631265763	7.88305500084512	7.31328567180418	8.12686067626358	7.84516188665514	7.73027674232043
"V4*V9"	6.56664726697863	7.38412863353323	7.13555878504992	7.63105137512784	6.9565052886507	7.34321859748278	7.09180671450205	7.47019048780476	7.17231642919691	7.80982635022356
"V5*V9"	8.38251577889629	7.65298085079284	7.80744636242864	7.60214771632235	9.19909100183318	7.60028617741459	8.34270225947702	8.22588987154377	8.13529579384279	9.23285421100447
"V6*V9"	8.30094146819306	7.75555889742915	7.43126252766454	7.82256914624713	7.67454071121937	7.20108343569069	7.86043996769674	7.27943479104895	7.73535744881491	7.0166319013577
"V7*V9"	-0.0628875233783295	-0.0646799062443545	-0.0707927604086072	-0.066766114599373	-0.0684375792371311	-0.062172832122328	-0.0574546706177854	-0.0736557245677952	-0.0788079414632592	-0.07004343787784
"V8*V9"	0.0769981584115079	0.0655441027694954	0.0276440931774631	0.107031330912301	0.15052644148522	0.0919286186718155	0.138608569277726	0.0721238627732655	0.0514017654148838	0.0846847338690864
"V1*V10"	0.226599263009346	-0.00088522245827461	0.135163689615903	0.209621242946336	0.136486590632938	0.169973860260958	0.117454718621885	0.100050792983713	0.171474856004185	0.0565984980233456
"V2*V10"	0.96715058411569	1.05056191313848	0.401767099425189	0.972088162882681	0.78141335900116	0.990197782438506	0.808622342924841	0.282429616197315	0.219879233883325	0.77155297840148
"V3*V10"	4.63386499429828	4.19050732067377	3.649643066659	3.74390481246863	3.86351157875154	3.76234469241745	4.29115308091891	3.54295806192699	3.91039397025454	3.42387536431796
"V4*V10"	1.15084926583115	1.34472757656455	1.73904538840032	0.971183658530265	1.6872453186838	1.61147069234109	1.44130247642352	1.2136374019721	1.5095860163462	1.83659876361378
"V5*V10"	-0.311222023883746	-0.775561860236063	-0.82834639334357	-0.662082146203166	-0.88192721391869	-0.939275816980046	-0.510735396058943	-0.785329326108411	-0.07692603594054	-1.0817922453616
"V6*V10"	3.91723492103018	4.13655010456062	4.49439596859515	4.53675608634346	4.37100433373432	3.88360352444681	3.76616956135707	4.78613676400837	4.02124883866269	4.50558720407955
"V7*V10"	-0.0239966914660174	-0.0306104330452701	-0.0415402296488609	-0.028422603787986	-0.0284235633240449	-0.0290371550480525	-0.0381487202454811	-0.0405032818861959	-0.0359319858542872	-0.0409437742338205
"V8*V10"	-0.00439728977386041	-0.0114983518138336	0.0117813138676741	-0.0327010565564795	0.0116275734233048	0.0159158726971681	-0.00345932164994322	0.00152588549267927	-0.00250372690421369	-0.0111784818799199
"V9*V10"	-3.07024515563303	-2.99209552178627	-2.66289686637189	-3.20290912797502	-3.45863336058663	-3.16701358952879	-3.24975003317778	-3.22226583500157	-3.27343585228121	-3.14150482754533
