"rowName"	"T1"	"T2"	"T3"	"T4"	"T5"	"T6"	"T7"	"T8"	"T9"	"T10"
"Intercept"	-4.20101888994817	-4.24994536225243	-4.12462920214474	-4.10412135747535	-4.20350532917293	-4.25918786298629	-4.22085974832372	-4.08955993890706	-4.18639763199907	-4.04354447940112
"Seed_kind-V1"	0.442111706360697	0.447251807186927	0.436933067287039	0.458700009298141	0.42350324705333	0.451777674003234	0.455768988630762	0.403036851156645	0.426865373960894	0.432837545245751
"region12_17-V2"	0.413841032768332	0.369382459059597	0.417154638267718	0.309562605521389	0.380101287464351	0.369342443951486	0.416418512343045	0.3725305848861	0.364671396894547	0.314599704052216
"SiteAcc-V3"	1.33523460521663	1.42488417703841	1.45267377517558	1.36899270965882	1.40268724877829	1.37282744992384	1.44833771674046	1.25845863982814	1.38970032334095	1.35459215928294
"SeedAcc-V4"	-0.496254048575833	-0.584928548524497	-0.610982284700283	-0.664802213888236	-0.514607997127205	-0.475867994909493	-0.515063328824904	-0.573058619155536	-0.610586700803662	-0.57559541707641
"UpAU_20nt-V5"	1.94021602265561	2.04445291697895	1.8546542238355	1.92264845047174	1.96853734807009	2.06618342184665	1.87881823311115	1.8673987203563	1.85265329091462	1.92654419993136
"UpsAcc_30nt-V6"	0.403471831990869	0.448029850484989	0.517929727425102	0.479404618746247	0.42167188239631	0.444359260975285	0.396325310782353	0.404578978094044	0.403690366581887	0.345324144960358
"DwsAcc_30nt-V7"	-0.119717931939518	-0.0457361822905129	-0.0832531797575931	0.0143631881013042	-0.0386312671696321	0.0533698595159481	-0.094530514631499	0.0541610664489423	0.0285183777759602	0.0108734683830026
"DwAU_30nt-V8"	2.59317221418346	2.52957288558818	2.52664761315719	2.4888143614655	2.51184796064253	2.43031182230702	2.72057180248611	2.61600731833752	2.65520670938529	2.51329219901083
"Gtotal-V9"	-0.0365632454899041	-0.0365476582219367	-0.037665977428968	-0.0389064358993264	-0.0360524270762163	-0.0370201094956206	-0.0380299351188981	-0.0374575581203784	-0.0386102527399771	-0.0386617054357169
"Gnucl-V10"	-0.0134749351700667	-0.0222575231692613	-0.0123947161036161	-0.0178690020517726	-0.0175719490428109	-0.00799635763613452	-0.00621581836238216	-0.0242186218474174	-0.0182484541581209	-0.0101222415816266
"site_conser-V11"	0.625032832870094	0.575800595800653	0.50606049046939	0.634839485218172	0.641066005838442	0.573912737421043	0.631436697726194	0.626659900727167	0.59463133852446	0.578677911989365
"seed_conser-V12"	0.0208468582354134	0.0595104899737081	0.0623754144481225	-0.0116138196067641	0.0144811157603608	0.0790402884272162	-0.0484157144987306	-0.0422647074825632	0.055613327024211	0.0373789521519831
"Intercept"	-8.69745628311062	-7.56918246279328	-8.0847413760057	-8.38164394567486	-8.39193260420865	-8.46911660859496	-8.38043840266177	-8.52172420982028	-8.36865364772267	-8.94296880080582
"Seed_kind-V1"	0.659200313254814	0.684333569201753	0.716467338842925	0.644899334796244	0.710267423625312	0.710669580777079	0.822157495980772	0.692630820781153	0.561190024610057	0.904540346364772
"region12_17-V2"	1.73889319433009	0.962404444007928	1.40491237617194	1.46776086338404	1.34269492861059	1.44420511566759	1.64240093705032	1.52703113450738	2.04749464761682	1.75677842547273
"SiteAcc-V3"	9.47338320732045	7.06620891099499	7.59189674556432	8.59773305985038	8.7706212744743	7.87674958706561	8.72502489646816	6.52187490748257	7.08491125089989	7.36590522776148
"SeedAcc-V4"	-1.70685253970143	-2.50752686577199	-2.23906250145654	-2.20157073944805	-1.63299928324821	-2.37561755165269	-1.82724524528308	-1.79752505853886	-1.79620360382832	-2.21196157764667
"UpAU_20nt-V5"	5.10908392002161	6.02730928082909	5.45310189839201	4.93409080311821	5.49872888657645	5.440835594874	5.10957112435352	5.42927998565797	6.08181605709021	6.84955850537425
"UpsAcc_30nt-V6"	-0.691454874174658	-0.797193613048367	-0.80869667164849	0.806058694813554	0.0241207677089366	1.17531268679511	0.684341547659804	1.79634185483595	0.216632688315217	-0.541675678476422
"DwsAcc_30nt-V7"	0.474493356106551	-0.184085128414076	0.146686694046811	0.00690101744278327	-0.180259987718006	0.267358268134614	0.349405853192661	0.707411870665874	-1.60272631802709	0.276587629881681
"DwAU_30nt-V8"	13.4307775923094	11.9296096463706	13.0467464237404	12.6607243480009	12.0686373219246	11.7307844762769	11.3254206934562	11.9327453839455	12.6294990757884	13.1182941683851
"Gtotal-V9"	0.099926597478052	0.0988928501122539	0.111018663169671	0.116327090982871	0.119237349703172	0.113766948474725	0.0989585464768137	0.106051438964158	0.117044605402644	0.112918458342676
"Gnucl-V10"	0.249228941856525	0.210664147059037	0.23352424215178	0.176564585049016	0.184860138752548	0.22036997946841	0.25446442264017	0.187772067235235	0.205249137489035	0.146236873585005
"site_conser-V11"	-0.269684739040942	-0.231801335720697	0.317723872706847	0.362930344829506	-0.114567663005775	1.41413203201608	0.681699387853249	-0.00411483941565572	0.290567306542195	-0.182454242090748
"seed_conser-V12"	-1.46522643856364	-1.37198232011901	-1.80214294336349	-1.83578100348523	-1.31507321256506	-2.51147036486911	-2.12904127800397	-1.02743372744276	-1.40837896008177	-1.02129028482863
"V1*V2"	-0.0504813216882654	-0.0623392066767309	0.0210652429447445	-0.0573355219949481	-0.0458853720203506	-0.0371453739688288	-0.0760257503727856	0.010825136579825	-0.0187941431129213	-0.0984782437080708
"V1*V3"	0.130974214119656	-0.211610092193163	-0.195012080448634	0.214169643814189	-0.195261302018097	-0.345433056193423	-0.146596106085611	-0.0706032332087014	-0.0214766363520399	-0.0772583418466286
"V2*V3"	-1.48742415871767	-0.264513341554593	-0.98361203029976	-1.17187927515551	-0.855118885772415	-1.11326707790796	-1.39055915283154	-0.0341662059419007	-1.15506819402642	-0.306793555351103
"V1*V4"	0.156600115759392	0.117620723365101	0.122014418500641	-0.159927217955157	0.0785069196544538	0.321852129859382	0.0165626982383666	0.0203279549107444	0.221653558033964	0.127065181381792
"V2*V4"	-0.249015877717694	-0.333496264719598	-0.375804150042319	0.052541380382283	-0.342333595466891	0.0929995432306372	-0.00566002419186595	-0.541359207532425	-0.166433698562271	-0.167464522833281
"V3*V4"	1.59615188174584	2.99204327871289	2.2819427773554	2.68478833905058	2.73967572106226	1.72772616210087	2.25868182096999	2.40358796163033	3.03248068190539	3.41563285598749
"V1*V5"	0.0605741961059512	-0.0669244463705444	-0.235366502591938	-0.169514163532948	-0.13546596548092	-0.0201007162960067	-0.290749504027671	-0.141046221504567	-0.189236095638959	-0.11947744037069
"V2*V5"	-0.567670774283793	0.113258774028662	-0.263496831884217	-0.296998537436601	-0.410176671882604	-0.0499389737997068	0.0429059070618648	-0.0829040171021598	-0.296027699947875	-0.388761764638976
"V3*V5"	-6.24262090232002	-8.0448473373805	-7.13431052153726	-6.75929321807315	-6.5016451058578	-7.71198106372578	-6.02627898465305	-6.20246380216274	-7.46779717337453	-8.17002379739329
"V4*V5"	0.303507653485508	1.33828748943032	1.02248800353683	0.884670964730416	-0.00541757752264015	1.20080435684193	0.498482761486248	0.12761270929514	0.912559736023322	0.759852501060617
"V1*V6"	0.075605069910407	-0.000422017114503056	-0.0302421002541994	0.0632940410705982	-0.118753952506966	-0.146041499331835	-0.00916483129308334	-0.0655709176928486	0.0711177645420326	-0.170291558940246
"V2*V6"	0.125775581825947	-0.534109584226049	0.000625335667111534	0.013769699206516	0.0688078988855354	0.0715305035100293	-0.349682426973069	-0.9446826758733	-0.94461288209163	-0.127285939609892
"V3*V6"	3.07023910247395	3.83800033910432	4.08641411582428	2.53718391797558	2.78992544049195	3.23984433339036	2.32752873172118	2.68770408244562	5.65640002215512	3.64444650209776
"V4*V6"	1.25737344811441	-0.740558485555801	0.887782029312437	-0.0450452592907546	0.243171181591216	-0.67070867717544	0.10147296952492	0.659462246413904	-0.867720295480762	0.174624675561026
"V5*V6"	0.394776974953091	0.644355105173046	0.764012914960514	-0.71610540835714	0.292923300385492	-0.517961514568203	0.24713754082809	-1.10126993549925	-1.3422022565314	-2.05423738780482
"V1*V7"	-0.337769684098089	-0.282806789054808	-0.151739567717701	-0.350460848663219	-0.0399643662572576	-0.169280226813452	-0.248694576175027	-0.0843020773640902	0.0166372135244482	-0.108927620287433
"V2*V7"	0.816151126476372	1.40833688491967	0.730821870652415	0.981730348476342	0.694286217817028	0.835729811117695	0.581861704874971	0.820664571024882	1.38038276478045	0.838695448968514
"V3*V7"	-3.84725859796724	-2.77318367523858	-2.7841360576794	-3.938382985513	-1.28716917727953	-2.71292400336809	-1.29078734474953	-1.43926920389513	-0.0263499334606297	-1.79616273995319
"V4*V7"	2.51909966744525	4.23421027689247	3.23588665778131	3.8209839824239	1.83630091215316	4.01553035173863	1.75027211104445	2.76722429385949	2.14938219429991	2.58277347995146
"V5*V7"	1.79580467238545	0.739804212783501	-0.135363275917507	1.62413171224903	0.508745492667571	1.61735784819653	-0.468633574286435	0.822506233249213	0.391704622212757	0.908915049604714
"V6*V7"	0.710442377360519	-0.164398900450515	1.36322439252005	-0.396799674971068	0.338999306000991	-1.63057633721836	-1.86267989710849	-1.35586805251774	0.820980040619848	0.514241098596958
"V1*V8"	-0.257628998057189	0.041344923177807	-0.0324545247474012	0.16923541565535	-0.0974721224221894	-0.0492628304447418	-0.0353061030379551	-0.044203143780283	-0.119043064199245	-0.152440437359844
"V2*V8"	-1.50048788808038	-1.4672653149803	-1.61691483283912	-2.13199286869317	-1.12105435392708	-1.81439859309882	-1.39482080648797	-1.95134489697739	-2.34199676548289	-2.30249521591103
"V3*V8"	-6.86076731085939	-5.23590294383287	-5.83295334354895	-6.04454819161195	-7.7330729040502	-3.21166451902602	-7.17651508690354	-5.21490878525547	-7.04049694403994	-5.85843368439648
"V4*V8"	-2.01035899595968	-2.58931901188063	-2.09506407452708	-2.55223086932196	-0.898065637287595	-2.1098491443949	-0.745676351369307	-1.20185990438061	-1.77573142855377	-1.67218281679656
"V5*V8"	-3.40631288703329	-4.48917825733984	-3.15587529555049	-2.2949713000847	-3.32413382077262	-3.60580670423129	-2.41499617672296	-3.20812813414534	-3.09777797436524	-3.03090327357607
"V6*V8"	-4.37431323266071	-1.10425945518107	-3.45958188277102	-2.87757502753944	-2.19378963110495	-2.04104822675805	-2.4402329491692	-1.68536053273042	-1.22716024191938	-0.816776270225708
"V7*V8"	-5.8848636463243	-5.71530568562817	-5.81730903319537	-5.891437622448	-5.67483071052619	-5.65718760043361	-3.72206695424411	-5.78258071897652	-5.03708558388682	-6.71789571565241
"V1*V9"	0.00484783910923004	0.00297025338238927	0.00399120351118254	0.00519812138825638	0.00237579708757888	0.00387680698785616	0.00118407013101114	0.0020883958291602	0.00673576970541991	0.00233922632725287
"V2*V9"	-0.0318899545454878	-0.0308650409078486	-0.0294781116013218	-0.0374317189663706	-0.0252053499057009	-0.0326973802130836	-0.0376097963778802	-0.0306809365654732	-0.0385392341416725	-0.0329829503416675
"V3*V9"	-0.10052501160456	-0.102039097802158	-0.108979984464503	-0.0978092030618777	-0.110612587070204	-0.0954993088991193	-0.0993947476996322	-0.0932144964886246	-0.100547621163812	-0.10537207127663
"V4*V9"	0.00448416500657973	0.0197580573725207	-0.000109183171871431	0.0159738866227256	0.00608820005171816	0.00475566316919745	0.00322200265929294	0.00471032150661762	0.0222806085759734	0.0220076324963866
"V5*V9"	-0.0608309283574193	-0.0806746495498906	-0.0755677262274949	-0.0590909016089611	-0.0510613546450456	-0.0828387413900973	-0.0726996444405814	-0.0422900825869924	-0.0795477037120619	-0.0764234499721902
"V6*V9"	0.012264227279347	-0.0056219357278031	-0.0111394397655281	-0.0229781604958418	-0.0348428823443431	-0.0083454594792777	0.0155763374884939	-0.0283158659455519	-0.0035361424589732	-0.00656090486037998
"V7*V9"	-0.074091393698366	-0.0488829445244718	-0.0871374877276953	-0.0846968145703221	-0.066158285977888	-0.0780372254551118	-0.0633622974389331	-0.0655065437559751	-0.0596025455262612	-0.089351811588725
"V8*V9"	-0.0704205414757535	-0.0655319016386881	-0.046710208645708	-0.0604607978664141	-0.0688349237358304	-0.0348202496873722	-0.0548142363248367	-0.0636627757705552	-0.065320032583401	-0.043638389074609
"V1*V10"	0.017802022163921	0.0113553194206829	0.023893511170733	-0.00376116402489665	-0.00250208302472418	0.0109139958178843	0.0141843463424117	0.0164628329744209	0.0288952492091584	0.0258477917980558
"V2*V10"	-0.0284204717495225	-0.0221515268623541	-0.067182706903293	-0.0248521228421007	-0.0394349023799177	-0.0228107870323515	-0.025257245314729	-0.0547892085755854	-0.0467576843750829	-0.00781013367470249
"V3*V10"	-0.229404460814288	-0.167277653069397	-0.215875395939457	-0.153379711552032	-0.159048373343939	-0.2669300138628	-0.193518915067729	-0.154015892393054	-0.113045264845225	-0.102510101839067
"V4*V10"	-0.0583430066668867	-0.0393718742126272	-0.0484348116684453	0.00620408866966592	-0.0371370903828901	-0.0031304835603588	-0.0313282931334373	-0.0286300393746835	-0.0783536909715522	-0.0373356101539173
"V5*V10"	0.117838900148653	0.13348746106575	0.0598223322438789	0.0704408881076444	0.0199958279198402	0.103314537920647	0.101582541491765	-0.00405065120085934	0.162910523957827	0.129757472989037
"V6*V10"	0.0325363632656417	-0.111886910537174	0.059082133610215	0.0215464376575938	0.0920580368207337	-0.0279653477108422	-0.081508212689258	0.141046086898448	-0.0434043982418048	0.0708865069462088
"V7*V10"	0.138725265079788	0.0965364680658486	0.17114293133305	0.171747092066577	0.122418860227473	0.094554186579304	0.0560943777072044	0.131977622340416	0.158909660219406	0.197920797885107
"V8*V10"	-0.283285551943458	-0.231734341631581	-0.237520186720713	-0.322498003931417	-0.193376993339229	-0.157374225381633	-0.210272020754116	-0.179310275517748	-0.30736384397417	-0.317369068221859
"V9*V10"	-0.00182685097570653	-0.000527942256747304	-0.00242716690950951	-0.0012538742601488	-0.00152744805938358	-0.00214133706391105	-0.00078236729720007	-0.00101838404473583	-0.00045569096731584	0.000758914173589952
"V1*V11"	-0.184764590406487	-0.245693046492162	-0.362544407158989	-0.340250969771979	-0.220578734139182	-0.314790028417836	-0.249851659351369	-0.240856191008931	-0.225722513890442	-0.36789400427843
"V2*V11"	-0.314877707410261	-0.544544865207004	-0.688845232814556	-0.955963637277008	-0.70826470836112	-1.07480896575895	-0.207482316239815	-0.367479150773151	-0.637271390312067	-0.313520608704405
"V3*V11"	0.610141098442638	1.89641710694248	1.59298080915921	0.703582351051182	0.404575805573735	-0.0284764011533793	-0.539039524316348	1.45319931194971	1.50022364289642	1.18690726154243
"V4*V11"	-1.67710366328634	-1.22943201833371	-2.11425043715238	-0.990570812993703	-1.52101054110551	-2.14611146077843	-1.68566683369429	-1.6517046806408	-2.77314150918554	-2.43978560266777
"V5*V11"	0.182952590238592	-1.39664145934055	-0.916743765790637	-0.56404958805097	-0.219406726258754	-0.753697265253376	0.0825501534596102	-0.633473717853651	0.359060783583779	-0.251341952365074
"V6*V11"	0.971723363166307	0.99829083587812	0.803010972461132	1.45572874864995	1.06390403163338	0.871400896193401	0.585130420541628	1.61115969879653	0.245029413066032	1.45287611171834
"V7*V11"	0.762570150002522	1.11303571821709	1.127681975995	1.72155396632352	1.66103757619675	1.10665139898953	1.15175799433535	0.570483183381485	0.832085542863876	1.60090405875317
"V8*V11"	-0.593107377450121	0.162969725116248	-0.429897278740828	-0.997228441750107	-0.0782955820788845	-0.884158360688151	-1.13725043692413	-0.723083914749766	-0.505577155228325	-0.990669333110312
"V9*V11"	-0.0188787289616006	0.00541653933992193	-0.0119366242483315	-0.0139868777330458	-0.010787954570333	-0.0303267085784546	-0.0124546572823817	-0.0184458864888899	-0.00804326644538921	-0.011697969927542
"V10*V11"	-0.143262919986793	-0.0749824741713977	-0.149898618940908	-0.0849292844778638	-0.0528959949689542	-0.13159460022887	-0.107671995096236	-0.107329701116768	-0.135250021208779	-0.154113011949109
"V1*V12"	0.154181984381113	0.256180202610748	0.37298025450898	0.290051363327198	0.187180078597533	0.295998584170584	0.304217667158072	0.14464822772814	0.2428841469822	0.257456502907302
"V2*V12"	0.240860345169414	0.431824049035567	0.61281789296736	0.98747550552144	0.541528298187583	0.86379535141214	0.0212237180497968	0.263930475690502	0.414281954001993	0.107475997380652
"V3*V12"	-2.19708192676428	-2.41179029288144	-2.24842548411853	-1.76064839856218	-2.02018514405308	-1.47934653616528	-0.83335700108542	-2.87693076380626	-2.79584023495797	-2.17669324612862
"V4*V12"	1.37515411686951	1.16574041504619	1.62846431127716	0.877355899328837	1.14356294424284	1.99782091417147	1.25882830520208	1.34149169254388	2.21375084178371	1.81316281372385
"V5*V12"	0.419672780004697	1.94487542233213	1.60430730266414	1.17768986968927	1.11696890701467	1.58436854261809	0.627462913135983	1.37729892925552	0.756891204973168	0.88809925867399
"V6*V12"	0.23770793097692	-0.49713994000854	-0.434976870540765	-0.73868188267683	-0.833878478142848	-0.666176275136957	0.251180379270273	-1.21559172729547	-0.473235471221	-0.177325767361921
"V7*V12"	1.17111294810953	0.727345068414174	1.14155828874156	0.985403228367022	0.82094695401693	0.887401985539853	1.32809449527052	1.27963234980012	1.51744036781775	0.711933233598474
"V8*V12"	-0.425299607446934	-1.24805873200002	-1.25350700051131	-0.767433891470312	-0.998236512405285	-0.655818227874972	-0.323707343072238	-0.594095029690042	-1.01114284082816	-1.32448760173148
"V9*V12"	0.0260428500154044	0.00713516478160495	0.018776004686355	0.0145480583496472	0.00814447382055112	0.0227655539434433	0.0222373574101045	0.017842112136803	0.000552076642804926	0.015993786495025
"V10*V12"	0.00742981240344575	-0.0109291471503536	0.0305647615244787	0.0246573916853054	-0.0334447630935712	0.0139628637906402	0.00552692148521276	-0.0271916788327825	0.0187217221179681	0.0172976936270785
"V11*V12"	1.56973590687626	1.44127712619349	1.45797854272911	1.39812483589984	1.54283149440814	1.51604966107966	1.38913283299948	1.31817010850624	1.44859786087251	1.54524105895775
