"rowName"	"T1"	"T2"	"T3"	"T4"	"T5"	"T6"	"T7"	"T8"	"T9"	"T10"
"Intercept"	-4.63188558096987	-4.6460539567832	-4.64686067757216	-4.6624364641854	-4.64187554606718	-4.65816708500522	-4.5964674089915	-4.5980600959704	-4.62366405581763	-4.62896123012801
"region12_17-V1"	-0.0437319718341809	0.0231812917921004	2.89135845542146e-05	0.0320554825093608	-0.00952413757224334	0.018302342009373	-0.0423185644368572	0.0088495993191837	-0.0141974598931573	0.0119215569332727
"SiteAcc-V2"	-1.06008022306428	-1.05673759459016	-1.07955812363179	-1.07581547482776	-1.01846648950215	-1.05306351886212	-1.05410143833531	-1.10992966555096	-1.04436281671706	-1.05233170269714
"UpsAcc_15nt-V3"	1.81764533676046	1.77370408031751	1.78621659086917	1.76874678826946	1.77639038037053	1.7689178652381	1.75320246158498	1.7758735936571	1.74674360207813	1.71874473623849
"DwsAcc_15nt-V4"	0.536590563407814	0.473963488038834	0.52870888070387	0.529506406704724	0.495974441209342	0.52623278837443	0.506202860087879	0.518307284813416	0.480617075465245	0.487087270705694
"UpAU_30nt-V5"	4.9964765630186	4.99356963330475	4.96387087488411	4.97970096695611	5.00663988071616	4.93863113747468	4.98583704279864	4.95043688038915	4.98551552363241	4.98067216531519
"DwAU_30nt-V6"	1.05008012090513	1.00054689462136	1.08815094431329	1.04634664222496	1.07859515111572	1.09418005484864	1.11700186782516	1.01480969500563	1.11064811041748	1.08256008447542
"Gtotal-V7"	-0.05557055104871	-0.0559067017182458	-0.0558662612938511	-0.0559950149808499	-0.0549300236087033	-0.0554534234228235	-0.0557986742529016	-0.0560457327961895	-0.0558583337650604	-0.05553569593226
"Gnucl-V8"	-0.0120173136117936	-0.0103532152188336	-0.00843933726940959	-0.0114264768560921	-0.0118314092118463	-0.0127176060233904	-0.00869002422356748	-0.0162010830922218	-0.0114289007665612	-0.0120232144210359
"SiteBegin-V9"	0.450942597072136	0.466871421701328	0.455153149031291	0.464780067251994	0.449304708267198	0.444985121011793	0.432091397308411	0.446662428676856	0.454520688662875	0.453467589713953
"site_conser-V10"	0.945005295673782	0.9609425812387	0.94312963485138	0.937816772278766	0.91999023562268	0.943991401559343	0.92946241904719	0.939157441184737	0.927241522918737	0.939398349303743
"Intercept"	-10.8505376113719	-10.5757821099495	-10.5345828344909	-11.0321778444678	-10.4691598795222	-10.538865532811	-10.8052601427403	-10.7603696314972	-10.442518299715	-10.755452155571
"region12_17-V1"	1.93345451641312	1.52853406166958	1.71270209025727	2.03398686582903	1.75837096702984	1.63713871603039	1.80664894103215	1.99233421601152	1.51003694285642	1.66032724610888
"SiteAcc-V2"	0.786268499779758	0.295822279162283	0.510284276635777	0.314492605275802	-0.166210529866766	0.136206250175935	0.441214888266452	0.447982577603319	0.909655544499962	-0.0344572506607239
"UpsAcc_15nt-V3"	7.26768265831523	6.42834397729702	7.28883294453285	7.30620967422324	6.75211133696336	7.50142409249701	7.54449226136065	6.84539687681835	6.65410964389302	7.07658503366315
"DwsAcc_15nt-V4"	1.44979525751232	1.44857479496993	2.02203453572972	1.49882855719809	2.32252498279415	1.70002056304955	1.89812879293652	1.5554068912222	1.8695477450871	1.94936806800889
"UpAU_30nt-V5"	12.4495137783626	12.4688894111769	12.0736623277589	12.4323689450343	12.1810694261194	11.7331333477178	11.8056379248196	12.0180654715551	12.6470049034111	12.576465736388
"DwAU_30nt-V6"	6.5586153917826	7.68686197843613	6.3645848813552	7.29365078664369	6.25044480021862	7.20339544049708	7.01683414173127	7.76666434966656	6.70613522268458	7.21351013947471
"Gtotal-V7"	-0.00715846233133227	-0.0099485595976214	-0.0122099561715732	-0.00163521808947375	-0.0210699807547596	-0.00330196229010326	-0.000456988292325101	-0.00653812212959016	-0.00232718153226393	-0.0102159450709261
"Gnucl-V8"	0.0989131773344036	0.120399139900477	0.122706764085	0.106022421371782	0.0803077038882665	0.125227504971611	0.0808464495766966	0.13764828269249	0.126535919648387	0.0897657179448096
"SiteBegin-V9"	1.34016846078388	1.44101286699806	1.38270820606575	1.59237384534638	1.52430928210181	1.49298711044727	1.58462871428376	1.291785647561	1.34294679199738	1.31189126540731
"site_conser-V10"	1.61341601720619	1.34755216394987	1.27421094017722	1.52967158272264	1.32931993872196	1.24176787166129	1.44332072149069	1.35317085899307	1.02978498049818	1.46878905964634
"V1*V2"	-1.40621260479955	-1.52729356221206	-1.9372919894626	-1.53032199956341	-1.15303314108008	-1.42439851972922	-1.62034044489275	-1.6192559273558	-1.78469982667827	-1.36566694068043
"V1*V3"	-1.34051133440625	-0.556685526702996	-0.977506385575764	-1.29971647325319	-0.93034901890495	-1.17845041215441	-1.38280184880356	-0.924384189603474	-0.750767005125496	-0.931688635660914
"V2*V3"	1.69481959785073	1.89591517239337	1.66316733412343	1.99189489621081	2.01500006580487	1.34793050847561	1.65349266259263	1.64887377035916	1.82910475194443	2.0529262683934
"V1*V4"	0.0755982889650413	-0.094396366642771	-0.353896200543942	-0.11483687981993	-0.680748377886348	-0.391936891023896	-0.32494066974354	-0.414976087849771	-0.435504888631717	-0.437680606967599
"V2*V4"	-1.09953991858785	-1.17365496605184	-1.134939335861	-1.04100096429052	-1.73693249026963	-0.915239868440665	-1.32343333970109	-1.31886604333337	-1.40446087428664	-1.05929528569127
"V3*V4"	-0.605595376625685	-0.805780582370431	-1.1135161139053	-0.813750335237492	-0.883935914039454	-0.94575082926161	-0.774073964611193	-0.672138092929875	-0.922032344523019	-0.991306515559493
"V1*V5"	-1.3958476272833	-1.29266922578669	-1.46862028409404	-1.54880003282666	-1.46834886538662	-1.10592800749531	-1.36190957962317	-1.17856991398134	-1.73522022458252	-1.27457306758698
"V2*V5"	-4.85483196475146	-3.91632089151044	-3.8551846274996	-3.70452745383846	-3.74229957319227	-3.37905844114035	-3.18632415040195	-3.94459545586654	-4.44365088635131	-3.75013583140281
"V3*V5"	-5.05402241998258	-5.21792515893965	-5.05307260853824	-5.64105447447751	-5.10352531259161	-5.49817644340794	-4.98791156833858	-5.0353749770409	-5.19985518964767	-5.4811856488224
"V4*V5"	3.59328798716655	4.08146076556843	3.98186858028772	4.3022172466331	3.90154980459992	4.26898925881109	4.03947239015653	4.39993302006465	4.12670988398025	3.8658173990299
"V1*V6"	-0.217601986611623	-0.290297654176903	0.3435933142524	0.098669674623118	0.244372064011452	-0.00754141442898886	0.357855793075973	-0.672236692976258	0.4588198223995	0.0598064240665203
"V2*V6"	1.2029444917254	0.852143730010881	1.59917909899928	0.60160955980481	1.54243176035011	0.362918936570248	0.633641028504734	1.36172533910638	0.717768499938949	0.976069178722486
"V3*V6"	0.577372175533663	0.745743753199377	0.204566085790582	0.546013194205181	0.54953361599673	0.36424888023607	0.376819991118361	0.399035307069925	1.0293774220093	0.322661556177566
"V4*V6"	-3.22437829160185	-3.60638722124096	-3.54928507110996	-3.69772431199393	-3.37013824580079	-3.56267659366659	-3.47978221354378	-3.38229166733962	-3.49864991018993	-3.50218812253173
"V5*V6"	-8.02948175968894	-9.29762497123459	-8.29788767621323	-8.5684787397051	-8.2384968447705	-8.32213590729572	-8.71926565618183	-9.15340725874624	-8.95507389038183	-8.92726744156893
"V1*V7"	0.00149079035500657	0.00162119972335512	-0.00187673750016207	-0.00719136402059317	0.00642815453391932	-0.00199126885750385	-0.0120461582633009	-0.0038664745807641	-0.0055859187119641	-0.00421416223264299
"V2*V7"	-0.084585002510261	-0.0900772715849298	-0.087972316282088	-0.0860564390058211	-0.0876222612151557	-0.0923200440461476	-0.0909420974853368	-0.0816408484879475	-0.0910120541561314	-0.0860507870346756
"V3*V7"	0.00647553832233058	0.00836441964862782	0.00618791892111292	0.00324086301154583	0.00965345826525282	0.00511904842962266	0.00460739969492496	0.00457287641467448	0.0105949969652178	0.0168421554394655
"V4*V7"	-0.0239147984086854	-0.0239019624343933	-0.0335100658166204	-0.0250673841765868	-0.0298084314771392	-0.0209381698404563	-0.0309724021027389	-0.0227132459928491	-0.0273927304757164	-0.024881523818059
"V5*V7"	-0.0243023696139877	-0.0251307552126564	-0.0168290382110792	-0.0117039722477463	-0.00822749988015674	-0.0215421564743255	-0.00295157627837319	-0.0214987855347296	-0.0183789123002201	-0.0151967158171899
"V6*V7"	0.0105291298355487	0.0179642051521771	0.0239728004997032	0.00544178351281084	0.0166486568064012	0.00444344558054283	0.00847049071006254	0.0117009380451928	0.00599314319838979	0.0108343020003784
"V1*V8"	-0.0622655553854741	-0.0587739754670449	-0.0608633329552634	-0.0493931189737287	-0.0340332852835914	-0.0645105439052348	-0.0547180701630513	-0.050763072013861	-0.0702440978800861	-0.0469831150884928
"V2*V8"	-0.348610146569253	-0.380340088947501	-0.396904634225249	-0.382883162111846	-0.378733659454776	-0.369643095421558	-0.355390025532031	-0.402642803535703	-0.373249676444012	-0.375981876725303
"V3*V8"	-0.112216843652213	-0.124267178619145	-0.114778774575737	-0.123422848035856	-0.131352715399268	-0.143143478240218	-0.103917682709003	-0.12866213537847	-0.132295549233972	-0.121285463089565
"V4*V8"	-0.00298276286993748	-0.044592944023451	-0.0111778757345175	-0.00451500987236928	-0.0387363851364289	-0.0140497671028136	-0.00437385746022193	-0.0488864849016428	-0.0262882704074143	-0.0231359983507633
"V5*V8"	0.167237747666939	0.18561412841538	0.197751867112177	0.186647716204221	0.177423009293384	0.217590682150634	0.174549631459346	0.151234494078757	0.149575479727594	0.164854259418213
"V6*V8"	0.0732154928947407	0.0666026470350861	0.0641603847196416	0.0416625265855423	0.0944235602694248	0.0224617131376181	0.0824050564924684	0.0904122339646744	0.0773119526397646	0.076796724396375
"V7*V8"	-0.00217930257173829	-0.00250215005685373	-0.00279361255277705	-0.00290312873991183	-0.00208597819153806	-0.00249421054812264	-0.0018505153279109	-0.00255232948638397	-0.00271631398421418	-0.00231522659296331
"V1*V9"	-0.349710384939062	-0.222967031026813	-0.304210546576555	-0.355136294724691	-0.337137865078232	-0.406818952497835	-0.379405396575106	-0.202770780595459	-0.308164779568016	-0.198069116804909
"V2*V9"	-0.318069476324023	-0.275304577558298	-0.599923217641433	-0.590079525822216	-0.537653984886745	-0.208779417307922	-0.360171953502427	-0.533419330768905	-0.533766006997465	-0.453573553723622
"V3*V9"	-2.52196619878598	-2.42948314369479	-2.3768684519688	-2.43159665434402	-2.40632130491757	-2.3358006832097	-2.541724338052	-2.40914131120246	-2.49991858682187	-2.36044750798333
"V4*V9"	-0.605628873075313	-0.673437352935199	-0.653998768653995	-0.690281968799002	-0.621921797135368	-0.616897620930907	-0.65688021576858	-0.603528983727493	-0.686679034983807	-0.709919054730062
"V5*V9"	0.528589987224546	0.549817028204763	0.524331425489954	0.631608951835639	0.556192327038676	0.592813119754388	0.545962049548126	0.626111469929491	0.790186613308557	0.457412414474331
"V6*V9"	0.503314078160751	0.114842096063453	0.400342093799349	0.0644754259709841	0.170440988680107	0.0970091709885864	0.0935282647975006	0.154199579485671	0.298660943000502	0.310405090147537
"V7*V9"	-0.00365963660024095	-0.00460740470732362	-0.00341691475734359	-0.00590596370623552	-0.00784233675408742	-0.00351624304089322	-0.00224482890330547	-0.00247104398728666	-0.006741024714506	-0.00331577314494796
"V8*V9"	0.0340521218360121	0.0385626523793985	0.0197746326260368	0.0287596077639234	0.0380682292103118	0.0273360577608971	0.0420415535833667	0.0181605093545783	0.0319292613643479	0.0333632730892272
"V1*V10"	-0.0417708055291395	0.16122766606031	0.211043908530509	-0.0224914442147291	0.0807423043006139	0.250090573918144	0.0655715144010767	0.117974328720643	0.357956518901159	0.0559380139149914
"V2*V10"	0.649084067567516	0.855172098281205	0.824080890784106	0.914188471512933	0.907296948801231	1.00443906499668	0.750804999892467	0.777272812014403	1.11508733622472	0.893595405309944
"V3*V10"	-1.35468157049822	-1.33568147815763	-1.43406046779958	-1.24817775868059	-1.30364874360894	-1.33548454896837	-1.50845765373464	-1.31556869232534	-1.47589890956124	-1.3656492578616
"V4*V10"	-0.333211326313874	-0.189837677933933	-0.312527480242013	-0.216282293834643	-0.331220511688942	-0.263636051915257	-0.376511250630945	-0.283776589454499	-0.205921416740047	-0.223081124493457
"V5*V10"	0.195227950732003	0.239493943468012	0.266847883845002	0.114670011412197	0.123036742047001	0.143003603463495	0.345604089699171	0.191535840212322	0.3070819866667	0.0614136724306803
"V6*V10"	-0.944117009801312	-1.01685202048853	-0.896439557424493	-1.12782819924021	-0.752817190045662	-0.924801236651469	-0.8858641278856	-0.928236543018415	-0.978802170944145	-0.966041089076663
"V7*V10"	-0.0101625306302387	-0.00982600698573526	-0.00807988623117519	-0.00945573185923068	-0.00619576317475382	-0.00729475110395814	-0.0087755222717592	-0.0100518596076481	-0.00627524903588227	-0.0104451739609843
"V8*V10"	0.0196671314936467	0.0238057487109367	0.0182771693049942	0.0297704135744108	0.0326211276137998	0.0237634319472916	0.0237446286843294	0.0223732348145626	0.0377157090090716	0.0413832231724797
"V9*V10"	0.449442194459361	0.396104621263108	0.466767039273921	0.465880854281935	0.438557179888901	0.372934601481599	0.461648872079799	0.493407925528917	0.485760633450541	0.502577022353006
