"rowName"	"T1"	"T2"	"T3"	"T4"	"T5"	"T6"	"T7"	"T8"	"T9"	"T10"
"Intercept"	-3.02099590259936	-3.0853122819726	-2.97950833023894	-2.80963576587850	-2.93444934918306	-2.92671848700383	-3.01384729229995	-3.03675377627502	-2.95315158389392	-2.85966246197115
"Seed_kind-V1"	0.629090732159722	0.588266110729209	0.62395271743794	0.622295227185366	0.61168019416308	0.605750164945803	0.617053470688693	0.599923283095649	0.595157191697582	0.631303765387806
"region12_17-V2"	0.433277747766453	0.49182605215862	0.381582027117727	0.343216232833322	0.375289771685871	0.375278513563717	0.360255224044876	0.436911904605988	0.298183909167247	0.253876774397930
"SiteAcc-V3"	1.26562402726710	1.43625256162481	1.15017390613994	1.28724501011319	1.20838249722922	1.46313897741898	1.37994022661980	1.21772405081893	1.38314111891660	1.27034230513149
"SeedAcc-V4"	0.0347977705144012	-0.124675213172606	0.119753973085275	-0.0285413358018685	-0.0460040391724224	-0.0158937588164979	0.00851604912691345	-0.064798128223526	-0.00192866528989716	-0.0107734849216310
"UpsAcc_15nt-V5"	0.398120270181339	0.410528236024191	0.338279283138623	0.351496851877828	0.443765627938969	0.319581324483457	0.401847012360735	0.464169568725373	0.512585920698319	0.413901270790262
"DwsAcc_15nt-V6"	0.801033587552724	0.84163646816166	0.869915678895676	0.731734759665581	0.811761745236228	0.77337398739732	0.779615816341715	0.94914000641366	0.839691599156625	0.774197395364895
"UpAU_30nt-V7"	1.91400804563321	1.96024152501354	1.9397768509427	1.80314622842887	1.89463815138806	1.87380888690621	1.96456876771926	1.92972921627845	1.89961426923478	1.91494429540922
"Gtotal-V8"	-0.0158144860465778	-0.0152246292842882	-0.0158374659693065	-0.0153764723435597	-0.0160912539802879	-0.0145493505323010	-0.0151938448431862	-0.0156878107157996	-0.0151744780069729	-0.0162566584898614
"Gnucl-V9"	0.00533647478701648	-0.0042701092501056	-0.00123976350080666	0.000288792435098993	-0.00707871450173639	0.00351894764788635	0.00530687989492205	-0.00641348527721214	-0.00158013597426599	-0.0023257059762687
"SiteBegin-V10"	-0.324844974384521	-0.367064404860483	-0.343588886859947	-0.348479978377654	-0.331930659634379	-0.354762826325621	-0.293363798129531	-0.370753391614854	-0.352048120285252	-0.32637718608628
"Intercept"	-5.01601908950883	-4.57949579015856	-4.646420163306	-4.71725110839477	-4.53409189023613	-5.30686575562919	-4.58374118372961	-5.54524080748775	-5.24042777721588	-4.5009819229685
"Seed_kind-V1"	0.400462349183044	0.299795218685020	0.42497056863063	0.596039145840818	0.660787173938396	0.545067867721656	0.478411546772798	0.490878451030436	0.616730875877493	0.924599517444787
"region12_17-V2"	-0.188027402476700	-0.234701750168181	-0.829780727059843	-0.483575382493905	-0.528767738562178	0.186400421512202	-0.74388059166163	0.0179151563875375	-0.169583462809810	-0.758913925409035
"SiteAcc-V3"	3.70427340784760	3.42064731841857	3.22943603180379	2.69322773769514	4.10361971575251	2.45009207986870	2.74893299733884	3.49675899379298	3.95744515607335	3.32466633659535
"SeedAcc-V4"	2.47571116322333	1.97898869787676	1.43953965621717	2.01111178716464	1.61559939217477	1.59804374523523	2.72862064174239	0.78689765577739	1.72800365619647	1.65355433997431
"UpsAcc_15nt-V5"	1.25633337576804	0.995321999780273	1.49595949229802	1.52384247059315	0.426180581277118	2.12982029576401	0.678054698761257	1.06056885739377	0.674257480831147	1.21386568055986
"DwsAcc_15nt-V6"	2.01661969942447	1.37810473479287	2.87367679462906	2.62337366217139	1.97018247469500	2.01668769938255	0.816702017886844	2.72848455546817	2.85827403450536	3.04328043413470
"UpAU_30nt-V7"	5.46292311782806	5.46998889383394	5.65864790183948	4.5072696153857	3.936133211494	5.79728404656327	6.09246618960608	6.53423435779286	5.58289211691502	4.02421216328318
"Gtotal-V8"	0.0060782885200963	0.0133140530842467	0.0201136250971844	0.00517354747958537	-0.00449231501907013	0.0339374517733562	0.0409978262492565	0.0139101580250115	0.00858770893028356	0.00281966839946497
"Gnucl-V9"	0.166674159413287	0.0680347561660933	0.124049265424605	0.145909811680808	0.053683749653691	-0.00961462386447132	0.103204242662000	-0.0322804977788243	0.101124001183951	0.145015458047486
"SiteBegin-V10"	0.520512913496157	-0.209304679609057	0.211500278076706	1.31686290372092	1.17104817379388	0.805894821972798	0.826192165515345	0.970803069219718	0.849980423116748	0.323594492368984
"V1*V2"	0.584517563873114	0.350446669224394	0.533245715221936	0.305877226291049	0.323425072992173	0.357172064383695	0.440682064695610	0.407486219682427	0.325174627749308	-0.0597421454027298
"V1*V3"	0.308715054816458	0.535777256888803	0.175532294588336	0.259363923284719	0.193368261762506	0.50295434756797	0.456394131677691	0.262994058902676	0.530920966290923	0.334480985533416
"V2*V3"	-0.113898322169777	0.112282688852571	0.593808700459582	0.824677363116972	-0.519825457305605	-0.545693659615706	1.73453780132348	1.29256801633005	-0.00421445838254249	0.566263760094647
"V1*V4"	-0.223392377841876	-0.209709038282483	-0.332611271449121	-0.237772359170475	-0.130957538598836	-0.236963056111352	-0.137696532456842	-0.167809992856847	-0.453454211323526	-0.332676282423483
"V2*V4"	-0.507141260033418	-0.884734921806561	0.261668305335942	0.135029630490840	-0.372747572204639	0.216466595612563	-1.19289432468206	-0.447992511464866	-0.0221374703020602	0.419366110626038
"V3*V4"	-0.849981868294083	-0.130939968901399	-1.01772832484260	-1.10842825152641	-0.734108503042874	-0.552767516103163	-0.535690650687072	0.341318820467615	-0.306568040363154	-1.12021742467000
"V1*V5"	-0.184484804164356	-0.175153940535163	0.0142816666870993	-0.0334432024263312	-0.165698830937968	-0.220329380261504	-0.071221812816543	-0.332762497328259	-0.109694344214471	-0.175107784245026
"V2*V5"	-0.622059896682404	-0.359799320419242	-0.794975396998346	-1.43451783572875	0.286853341455667	-0.643863268700181	0.242485599221332	-0.0890852805332587	-0.842099086430176	-0.163997477647079
"V3*V5"	0.525974741478155	0.714246225847932	1.11658049015492	1.31529313284286	1.49632744130938	0.806867851425758	0.157421272542566	1.13402854364102	1.63578325299198	0.325461772341907
"V4*V5"	-0.79118992220792	-1.05902124053481	-0.689756220033198	-1.33505120922580	-0.859210150039383	-0.810853301309809	-0.563806197962036	-0.705150318544443	-1.0857951414273	-0.987812323554682
"V1*V6"	-0.307037420806049	0.210693662704427	0.000733124917353105	-0.173415737589413	-0.340753725564461	-0.130995451117210	-0.138422978139570	-0.00161684979961820	-0.137037115909254	-0.118445791052119
"V2*V6"	1.13758229792084	1.64605906929669	0.195142681046937	0.880459499151536	1.09054445957387	1.38553431839863	1.56502202566171	0.76012552221299	0.69921321631083	-0.449920548647219
"V3*V6"	-1.22518497042601	-1.07712915776094	-0.592364809799747	-1.14314027575061	-0.830979680922741	-1.10210318456335	-0.917051088397375	-2.21910004264452	-1.39574111621143	-0.510253680339628
"V4*V6"	1.10524537587521	1.72033682225351	1.83376957680009	1.33556258631187	1.26701362583567	1.78026055478301	1.31919474207907	1.7226281931893	1.25944777270327	0.5882520374203
"V5*V6"	-0.86047965383799	-1.92599156782904	-1.65481139008276	-1.13413631672011	-1.5289411443419	-1.35821039340021	-1.22305142568647	-0.970841328392535	-1.18335226077108	-1.51937846020586
"V1*V7"	-0.295717072983829	-0.365884378685975	-0.407209449859790	-0.399437446950313	-0.276235760162277	-0.334070529495484	-0.592886576547269	-0.250496612847708	-0.49028479498086	-0.303063047924903
"V2*V7"	-0.0262069224088599	-0.280133710150362	0.377762209518185	0.65410363367468	0.97768182124669	-0.484734023878198	-0.746777340213587	-0.546044971290168	0.449358996722254	1.47014948420428
"V3*V7"	-3.49964007292266	-4.17701465107329	-4.53153806552136	-2.85494080110168	-4.00584136385528	-1.22677697408398	-4.53207249086818	-5.02505279517563	-5.2419685575783	-5.12796700376438
"V4*V7"	-2.3105481677577	-2.19644773353223	-2.04421184837594	-2.12013257489191	-1.78081296582496	-2.81708183115170	-2.45869246011103	-1.72227358910064	-1.73077694624081	-1.32023510408405
"V5*V7"	0.145979192061039	0.890471152479163	-0.0302863748298228	0.720385402073917	0.469290820312308	-0.719677286452938	0.502140250697077	-0.075910571340233	1.02611650868790	0.559335890610668
"V6*V7"	-1.88801129594087	-1.46124134555697	-2.27253402265625	-2.20380048630987	-0.923695279667658	-2.39467739896351	-0.480366433720224	-2.17888542549853	-2.34748229637722	-1.09503712666535
"V1*V8"	0.00258984557457726	-0.00209433530838911	-0.000783893722933713	0.00115950474683109	-0.00136274363546160	-0.00145035753196891	-0.00263057422515255	-0.000210301324737717	-0.000141571870936326	-0.00296070247422396
"V2*V8"	-0.00505327540923261	-0.0196739921961344	-0.00873952763299194	-0.00695490993283886	0.00360939605882957	-0.0288352705821351	-0.0308150032526985	0.000267232747768068	-0.00210754992097200	-0.0120740261165804
"V3*V8"	0.00922185351529966	0.000605643573999972	-0.0077700752539013	0.00490289330838157	-0.00110037277304558	-0.0200621762432638	-0.000578005158770899	-0.00285118722914026	-0.00662464898134689	0.00902164121330088
"V4*V8"	-0.00712615171930449	-0.00228939895521703	-0.0137176344430985	0.00382799282635505	-0.000397599393814599	-0.0149071049779784	-0.0162298392642873	0.000250618611149620	-0.0207595363323217	-0.00983432425645702
"V5*V8"	-0.00213428039001918	-0.0228574139073308	-0.0114357130727601	0.00383263577591803	-0.0046067331668423	-0.00137650432195852	-0.00863513832957235	-0.00362972815789969	-0.00235070577030436	-0.0148303483263675
"V6*V8"	0.0123054288035287	0.0368574090895760	0.0218810587376457	0.0128181633303746	0.0215012152015396	0.0220056896933652	0.0205923969728727	0.00127784069370819	0.0149200762613317	0.0231985714333391
"V7*V8"	-0.0532228534314647	-0.0345066098331681	-0.0440944620183071	-0.0448465605894389	-0.0330193755303266	-0.0376579452527606	-0.055096467144171	-0.0517347315629028	-0.0409945155701296	-0.027857126675926
"V1*V9"	-0.00156399305079974	-0.00714432535359987	-0.00408647548315657	-0.00145295645998715	0.00939936850274306	0.0260209913602362	0.0159191411680949	0.0184234418807066	-0.0119107105307174	0.00192249143183641
"V2*V9"	0.0239613356148162	0.00636981744909318	-0.0362387836997369	-0.033234921521291	-0.00877965679567633	0.0723482107332214	-0.00394111446369485	0.0645406644551406	0.0435380506256023	0.0141742432167659
"V3*V9"	-0.0486334948281624	0.048078418803978	0.00539155834727601	-0.0401683143654247	0.0266949409150118	-0.0192312200490479	0.048902985032861	0.0955772401325425	-0.0470028912114513	-0.125568056447479
"V4*V9"	0.00695848943499065	0.0159421603612458	0.0271933191763271	0.0341080610586621	0.0355070629607662	0.0178955738318818	0.0353977361122855	-0.0100414592865724	0.0497047273091304	0.0218787668969404
"V5*V9"	-0.101891769436948	-0.0519876202097834	-0.0159786335148848	-0.0679216124699723	0.0116905776592527	-0.0110855071462233	0.0154617807974671	-0.0749300509605904	-0.099076561983812	-0.0114816329689211
"V6*V9"	0.00791906756134465	0.075579504778347	0.0876049495894692	0.047475324993087	0.000517318573718651	0.0767592401298847	0.0177520516013756	0.0545740003104427	-0.0114240113822049	-0.0167457797591732
"V7*V9"	-0.122453091679436	-0.105534752395430	-0.16251471843894	-0.0885127660920213	-0.0789923051763749	-0.128886484471560	-0.187330392719694	-0.0688546894168961	-0.0957522902487326	-0.101265174453415
"V8*V9"	0.000756456602026575	0.000630466688178491	-0.000157014904878305	0.00110886124331258	0.00186881436648238	-0.00115995202289128	-0.000490663742038838	0.00108897932582642	-0.00163313601744203	1.07240576032249e-05
"V1*V10"	0.0941263274292817	0.0292994670443942	-0.0154570282141858	0.108865228918870	0.0387162676858094	0.051335790382936	0.143435248008002	0.0502833288522242	0.00797263089167611	0.0865799822626813
"V2*V10"	0.157618909235107	0.49125984723147	0.401515739555038	-0.331269502376984	-0.558528782409377	-0.000987232014318044	-0.0449063826619241	-0.340181035845483	0.0055601163003634	0.1959754565329
"V3*V10"	-0.203297452679857	0.246482757553335	-0.0704731218313129	-0.886373867501979	-0.582901619709525	-0.164036177503469	-0.231105452913664	-0.560656765664857	-0.452274753631933	0.756267512763226
"V4*V10"	-0.473979795516169	-0.0446289855100048	-0.0970196666884992	-0.303707493551388	0.125649860356107	-0.279641774223564	-0.278150409284195	0.244664210376589	-0.277621352863473	-0.637041951610577
"V5*V10"	0.0710064189721145	0.341768010551463	0.0235452712078181	0.127801407614185	0.119346038407562	-0.0716889053694606	-0.0218603032982738	-0.120631053798198	0.299055783323439	0.0576175165943755
"V6*V10"	-0.77196504227519	-1.17707577862306	-0.869050140773903	-1.39733363557193	-1.49401729383206	-0.9057086897566	-1.16345320876181	-0.963466750860777	-1.23035668077235	-1.04086385170175
"V7*V10"	-1.28066599740307	-0.901560988329618	-1.1455571184691	-1.20573165008266	-0.833829896227704	-1.36540950402839	-1.32744675486856	-1.12499870490906	-1.20303447642573	-1.28937449569581
"V8*V10"	0.0126507765589828	0.0147644716370222	0.000857023968252724	0.00413793223995188	0.00519380606004772	0.00300294817465842	0.0112662812429014	0.00664339369971086	0.00537336012649179	0.0164091805559551
"V9*V10"	-0.111138122620861	-0.0908597703414863	-0.082969459799402	-0.102735031198657	-0.093114423018027	-0.0753952612347238	-0.113644522660733	-0.0714260087701324	-0.0775606275621166	-0.101714186858194
