"rowName"	"T1"	"T2"	"T3"	"T4"	"T5"	"T6"	"T7"	"T8"	"T9"	"T10"
"Intercept"	-2.8776431338497	-2.94597074816296	-2.6033908938662	-2.76483376931073	-2.86044595207511	-2.78052148665342	-2.8752099800735	-2.82931500677823	-2.95557106297987	-2.79898931667136
"Seed_kind-V1"	0.513458530119508	0.512908604453125	0.484532126146584	0.513918242186417	0.528063652942602	0.532751441090161	0.520721529959226	0.505229269093359	0.527772381687809	0.496520431147986
"region12_17-V2"	0.30904408140512	0.308051852337241	0.161156771479124	0.206490257848026	0.383891817590925	0.214712832119557	0.315884086630554	0.384337726651516	0.332458843957053	0.312369102532537
"SiteAcc-V3"	1.04336897965766	1.15734311124355	1.12039908443719	1.05499057881984	1.08051649760646	1.20070372530321	1.19885315268684	1.15339805347011	1.12982402639828	0.931223931957347
"SeedAcc-V4"	0.0252748514638759	-0.0853284326138569	-0.138525827497728	-0.0844145205881384	-0.0749194224200103	-0.103267143391767	-0.0691144698066139	0.0401592910835455	0.00576670353781548	0.0630807728646674
"UpsAcc_15nt-V5"	0.644756499557972	0.521022119088095	0.548627483080168	0.46524764033453	0.382055755761155	0.571305312838257	0.484643563190237	0.42434342867169	0.572273372154873	0.384225702930493
"DwsAcc_15nt-V6"	0.63774202960623	0.73466551555947	0.586603274717136	0.816258150201536	0.587149500791762	0.612335913819002	0.752947311563579	0.693280304446428	0.718639110817497	0.763770948755509
"UpAU_30nt-V7"	1.04834573044321	1.17140236185947	0.95362987676331	1.03738621867862	1.08597694713383	0.999348215907155	1.01729546988858	0.92354494262218	1.05261203641747	1.10462216375248
"Gtotal-V8"	-0.012350228577171	-0.0104285840584828	-0.0112735923639662	-0.0121265343803074	-0.0112122257676181	-0.0110173600692625	-0.0108568319807648	-0.0105878347326486	-0.00994277465616216	-0.0124565476679686
"Gnucl-V9"	-0.0097230315227234	-0.0171031226478929	-0.0163599352723015	-0.0112028181416921	-0.0177902032804575	-0.0172924425977978	-0.00420142877686462	-0.00553922272830347	-0.00644746910801627	-0.00583747249000857
"SiteBegin-V10"	-0.186734318448177	-0.204061587481547	-0.193694704930594	-0.200207729176697	-0.195781295104197	-0.166556103353989	-0.206208226961538	-0.231348299383307	-0.170799604805841	-0.234742805603094
"site_conser-V11"	0.55092098401426	0.638275678235052	0.56070282408836	0.635142005137544	0.612012341354559	0.699420580209662	0.598646339817989	0.563850432429347	0.697866985423255	0.552364506239808
"seed_conser-V12"	0.709813687542724	0.641327884616936	0.76574591408057	0.706576403313095	0.708095547870665	0.567994832998791	0.720364984940983	0.74170906813387	0.613885292167233	0.762065576454196
"Intercept"	-3.8803358408031	-4.53799339593516	-3.97248915496556	-4.04003017138809	-3.80758208900045	-4.2532959030663	-4.77497686034002	-4.97714337310852	-5.46152469543864	-5.10929199178618
"Seed_kind-V1"	0.439647736258605	0.248118846396936	0.686605751737233	0.78966270218313	0.213083415115719	0.448778076206662	0.282395022097423	0.881272060942398	0.501102083602964	0.292700066143725
"region12_17-V2"	-0.86980535861095	-0.21006082613578	-1.36631269971299	-0.559773470567682	-1.33401728858425	-0.463447601748548	-0.415461376528245	-0.287048957495569	0.609248656653934	0.096706239949853
"SiteAcc-V3"	2.51803114710767	2.44773637934904	2.38321072811366	1.74480639570304	2.70829785631171	2.95837233317636	1.71679104192416	3.49687840910746	3.96570643980796	3.84923064016408
"SeedAcc-V4"	1.7653395950864	1.59965353052718	1.39903384412921	2.35548392467426	2.39758144875077	0.628374223240587	1.08880231726641	0.906577734963819	1.10887248580781	2.80689720357217
"UpsAcc_15nt-V5"	0.390568725513609	0.77414076380527	1.96659091405605	0.984537549114024	1.67031929296918	1.50446582540939	1.69176857459791	0.788010117205892	0.668479077461241	2.85721433994239
"DwsAcc_15nt-V6"	2.34915469928451	2.68399918758381	2.40877274370087	2.74214273098678	2.1363329563503	2.80397571805271	3.17931272681071	2.06566285802269	2.50096887441705	2.08106876957493
"UpAU_30nt-V7"	3.98113774001388	4.48935699165492	3.07678958406349	2.91273982438964	3.81919090403757	4.03187947715982	5.31344843439661	5.53534385047027	5.719001537548	3.98949245790775
"Gtotal-V8"	0.0164528113845231	0.00766285304846429	0.0171831118013333	0.00384082491288096	0.0126349958887066	0.00237632469850142	0.00837866075695183	0.0348498273352719	0.010769413808373	0.0274108956422004
"Gnucl-V9"	0.12804102732851	0.165912889309661	0.0670353451014219	0.0926260799488196	0.179782708035539	0.0682738000723772	0.00888579905630865	0.0295704410601942	0.0935667223878444	0.217480302394939
"SiteBegin-V10"	0.53249974160023	1.5654680735871	1.53274528428934	0.808963145883229	0.86615852500539	0.314896801568443	1.4497308830032	0.577593133847106	1.08416279049092	0.921705877010952
"site_conser-V11"	1.7243961034088	1.31331192667847	1.25328491419841	1.8328691364798	1.89444600257406	1.08428603257434	0.73329123580254	2.25646392196122	2.65692664555	1.50739297722657
"seed_conser-V12"	-0.726765070345907	-0.533405528797085	-0.417549076507298	-1.45008276321117	-1.43773710565662	-0.199843488237335	-0.496814315432466	-1.19193584344914	-2.01549996688386	-0.465664394338428
"V1*V2"	0.306998098277519	0.443566558517288	0.163099302972834	0.0174194235474982	0.492823419838352	0.227535448728658	0.481227175318624	0.11362347295573	0.181976745527581	0.396024224206717
"V1*V3"	0.285545622767495	0.195019109920537	0.464016870133799	0.125669799877652	0.54859899580205	0.118831499256984	0.747098054769885	0.0616245385945144	0.110773933723915	0.1475038075901
"V2*V3"	0.32017817844402	0.645358797331148	1.43586387814746	0.989390124614534	0.671207526511288	0.0926149954381453	1.93947557719062	0.457350102958522	-0.607390100815277	-0.318823443910278
"V1*V4"	-0.585252892861038	-0.389954620537838	-0.346421879443186	-0.377628203495424	-0.286560740518711	-0.306507938055359	-0.2536402191955	-0.378425879040653	-0.175883243111069	-0.305304685420059
"V2*V4"	0.0369582527698165	-0.455586757284641	-0.207228558638021	-0.593979979669549	-0.864153578273319	-0.0425553973427666	-0.91362354948762	-0.00492021925058361	0.0374282356274202	-1.68401230884929
"V3*V4"	-0.62577361525008	0.177573007366615	-0.0665811403101912	-0.95234361209455	-1.12656189580697	0.792284523522497	0.832416953973182	-0.0226279979885726	-0.236146569425859	0.192521394370951
"V1*V5"	-0.157348860773129	-0.171583052351644	-0.401367965579014	-0.147410486608795	-0.249678538252087	0.0929885352805887	-0.197026244719195	-0.0936514471316465	0.00621620879870491	-0.350589494758059
"V2*V5"	0.833552285324612	-0.292779500021506	-0.371328430125699	-0.621085567356017	-0.369233403178229	-0.468534654525173	-0.639834375235941	-0.0921492145088591	-0.374485533434555	-0.873145152820062
"V3*V5"	1.27014709782282	2.5155593014051	0.459799726442037	2.10654743819324	1.03719888987505	-0.226170090007281	1.3711393808945	0.90984625179588	1.32763550594312	-0.592021140280414
"V4*V5"	-0.997686101132078	-1.22315565586681	-1.03119457762128	-1.68124602027676	-0.908510984451781	-1.41715676597456	-1.2299294921126	-0.832691361302253	-0.265844391798617	-1.08938413435323
"V1*V6"	0.0120017083556121	-0.0946210706971214	-0.0465813571742184	-0.181010545120864	-0.0189798212329741	0.0145820480168088	-0.19750206300499	-0.10559389565093	-0.104747182150208	-0.0220291646636985
"V2*V6"	0.579543140609836	-0.215278816725947	0.499485563917048	-0.273610706134206	1.09875692548552	0.388800476643747	0.0894183410890432	1.2831201580858	0.689121999540065	0.900642558916533
"V3*V6"	-2.44765123979862	-1.67708881079616	-1.8169789989456	-1.37367691871389	-1.90666910751799	-1.23131863346051	-1.465291274704	-2.24697801837018	-2.62906659678604	-2.03889455318308
"V4*V6"	1.28265231520616	2.15766182958269	1.39904144316767	1.28299694987372	1.65397577916588	2.09943566419576	1.59351674726509	1.38924781171518	2.36423956312272	1.5585002270415
"V5*V6"	-1.70615251718263	-1.29417007507218	-1.57585913994126	-0.459806567351467	-1.83569432053817	-1.77320473135164	-1.13129585529796	-0.95355395978729	-1.1368315256116	-1.32803337512852
"V1*V7"	-0.317467069121921	-0.216973818583131	-0.470023872971539	-0.349114058939653	-0.47263136643312	-0.402086352675957	-0.639924658739532	-0.680628290387775	-0.299371150638206	-0.25660311893503
"V2*V7"	-0.50893868844601	-0.0258918315289417	1.65113823853511	0.783950503190128	1.10900324390289	0.0746604265097611	0.0199002062882553	-0.670939358768284	-0.853432099597214	0.270826717986901
"V3*V7"	-2.97172195683057	-4.41258920739245	-3.96911301389395	-2.77249815400312	-4.23977324248925	-3.53540661291155	-5.90739130380317	-3.66194110094632	-4.02694971750833	-3.15112959537282
"V4*V7"	-1.56237953205103	-2.02342922937235	-1.68487762087742	-1.72948479995213	-2.14871713263212	-1.35809233428109	-0.7753228496328	-1.15795324028871	-2.80369698636668	-1.80814783160771
"V5*V7"	0.215470842438608	0.193810357833141	-0.0568111441047805	0.315614803543915	-0.332271335957209	0.745008453106146	-0.351122390596483	-0.342736329847407	0.130324468434188	-0.525811662789041
"V6*V7"	-0.892578318838164	-1.06591139385787	-1.4430372565786	-0.996989290022715	-1.80944859688413	-2.25981711116886	-1.94062418871003	-2.11216083300691	-1.9755591973154	-1.51849677962337
"V1*V8"	0.00119142431933238	-0.000428610260287267	0.00260962173584864	-0.00183839496054937	-0.00020717987277049	0.00447333710677826	0.00135542095884383	-0.00218962224725105	-0.00103298230988115	0.000178526688558691
"V2*V8"	-0.00716373237000907	-0.00230839572937761	-0.0112895856135427	-0.01347280911448	-0.00170289210771879	-0.00836999415253802	0.00141187334716955	-0.0290965865523844	-0.00664661896286385	-0.0280533697078224
"V3*V8"	-0.013646085478404	-0.0139072978734873	-0.00690534796592875	0.00504257667920019	-0.00415782459743342	-0.0294773401367295	-0.0194644465805298	-0.000328962333337406	0.0063960756060371	-0.0209696407901214
"V4*V8"	-0.00670067957947941	0.000742406411766558	-0.00935558044461367	-0.00286629932844163	-0.0135528990296725	0.00947231615801982	0.00908341911872713	-0.00601159240971786	-0.0138433292755924	-0.00943178944082795
"V5*V8"	-0.0165991356291186	0.00539237689908482	-0.0133118228647682	-0.0136209922113457	-0.0150964514371631	-0.0106659612623722	-0.0124792207128083	-0.00879639522540887	-0.0130188444962846	-0.0160839373939136
"V6*V8"	0.00240553627221924	0.0241455131585082	0.0099486971515271	0.0030239362552987	0.017985199829849	0.0304161121530229	0.0094634185495342	0.0156275611272044	0.00288095961306534	0.0183313394324911
"V7*V8"	-0.0262935201234566	-0.0406038169905622	-0.0302715029153768	0.00280621913318261	-0.0462119820882865	-0.0312793483043168	-0.0353715523556077	-0.0346064656624951	-0.0230761622445325	-0.025564030704272
"V1*V9"	-0.00681186787154863	-0.0080798923833495	0.0102261545980562	0.00012832016970079	0.01882030525301	-0.0189336425328742	0.0165532363079136	0.00445544189210038	0.0246171621051958	0.0130820566818525
"V2*V9"	-0.074662159044533	-0.101531971271269	0.0485989123186481	0.0268046332251853	-0.0632614048083664	-0.0123278033766835	-0.0115090295562948	0.0324447883711406	-0.00785067476110652	-0.127446631430589
"V3*V9"	0.0820934165016813	0.0888194413275884	0.0397398753906382	0.075109611298112	-0.116470027612564	0.155419477004462	0.170361633090409	0.150553330134939	0.0262801142177513	0.0965368430594333
"V4*V9"	-0.00657251945601363	0.0261662472990757	0.0242194161182343	-0.0673015274920577	0.0278185049603996	0.00551267892374649	-0.00432856194097392	-0.019035786590073	0.0253968328234813	-0.0107365312396622
"V5*V9"	-0.0463670936425247	-0.025771758490652	-0.0841122587885447	-0.0432051889067221	-0.0658113226387584	-0.0757756869844738	-0.0142454818695729	-0.0579534846882798	0.0318928950049949	-0.0974548039296042
"V6*V9"	-0.0284383285770661	-0.0229953002517224	-0.0756743291030701	-0.0444234325223454	0.0104609435216462	0.0409341989260433	0.0128908607497047	-0.0354529106923215	-0.00925117304169164	-0.0209898494349714
"V7*V9"	-0.0529452374043583	-0.123581773357075	-0.0704517324288383	-0.120572910307101	-0.123306564449546	-0.102524439896039	-0.114205233225631	-0.0866801860960858	-0.215325216160606	-0.114528333578176
"V8*V9"	0.000271768055621178	0.00137851718970324	0.000599937684205896	1.81042670044932e-05	-0.000761933849893522	0.00043078330428737	0.000692356076773632	0.000874988540317175	-0.000952419917908927	-0.000419607469271596
"V1*V10"	0.0846486665564532	0.0355435757095282	-0.00920357822838628	0.0406454437317227	0.155825726701667	0.0148391446639299	0.0714480976012615	0.00220676332137385	0.0801960515666382	0.226923150966412
"V2*V10"	0.204465020134045	-0.455161441922738	-0.112465200753163	0.533740893229674	-0.0599832870232382	0.433725748569095	-0.664589032813724	0.347553778626828	-0.161624732035409	-0.0520921880883178
"V3*V10"	-0.073446629363701	-0.596600566768155	-0.96333253534234	-0.776721382074951	-0.709216647265245	0.305975323956176	-0.305701562880213	-0.469797250340018	0.0643094190955442	-0.842865158389242
"V4*V10"	-0.304088147712209	-0.103683366813128	-0.286710025600064	-0.483743875656117	0.0324514962031747	-0.264125136699363	-0.118656086176125	-0.213407399784118	-0.291574700436241	-0.420326670832495
"V5*V10"	0.159894569595919	0.0466434746437418	0.0267095736412228	-0.0861169661343598	0.0066746823961735	0.224548227872631	0.148607866511638	0.373516579384853	0.184496573292509	0.161025343566034
"V6*V10"	-1.03413947520418	-1.26971460411683	-1.32961273875577	-1.22714508740088	-1.00679718446834	-1.11354813072771	-1.16063368021048	-1.04851631927931	-1.0077409888088	-1.15565825659376
"V7*V10"	-1.1700564170195	-1.55825178524216	-1.65380014676245	-1.42857589503126	-1.30933259196731	-1.40347427160328	-1.35160621587456	-1.48622766790866	-1.8344517491444	-1.22247970587891
"V8*V10"	0.00912173413654526	0.00267260479603717	0.00348708368199887	0.000456974664525633	0.00515058226862499	0.0138196209772238	0.00387989353307091	0.00224401593924107	0.00343338341307001	0.0133330107866411
"V9*V10"	-0.0995944148216402	-0.111698403726183	-0.134810979434693	-0.100379486757101	-0.10289954228605	-0.122326731434485	-0.0840670424447122	-0.111321816085161	-0.113683957259823	-0.12856622308994
"V1*V11"	0.0497495662972182	-0.0123119508616525	0.00210780607841805	-0.159622063011109	0.125536478927119	-0.0832319815169702	0.108800080073883	0.125694008677924	-0.0728874778194966	-0.0209522116424833
"V2*V11"	-0.473081367534657	-0.0954555117452556	-0.405407748149714	-0.95452700607269	-1.11378093569369	-0.129669777196848	-0.0122630097527518	-1.30837554052927	-0.715409436338357	-0.234625320326329
"V3*V11"	0.153624133659304	-1.10405605354103	-1.67487439399053	-0.380542131219746	-2.86431131067294	-1.05417177618378	-1.16811430975167	-0.551550815381071	-1.33922508498186	-1.4937417680905
"V4*V11"	-0.915783452179389	-0.831808461851583	-0.568269549557925	-1.01305393631811	-0.359014628535209	-0.664189933466434	-0.190559850955037	-0.928410011249782	-1.16837996399944	-0.315011619388633
"V5*V11"	1.0530788212514	1.83351278031717	1.7548525709574	2.33696312408688	1.98649939276043	1.60954386322843	1.73906120645833	1.60121474516872	1.78203248677576	0.961999164317985
"V6*V11"	-1.18889582453423	-1.31752541932359	-0.735117242116181	-0.974606918330303	-0.854192846364078	-0.742348327884986	-0.814582892288045	-0.802755039186173	-1.44894089241995	-0.692556485358196
"V7*V11"	-0.313491853780353	-0.124727819528634	-0.155948052513263	-0.544750844504277	0.258820707564393	0.488884883875117	-0.207902698530504	-0.614167814479275	-0.593910378503305	-0.122622451207558
"V8*V11"	-0.0207068361114466	-0.0302517817416199	-0.0281418297793071	-0.0263884221461886	-0.00667519925069754	-0.0260157254715569	-0.0169695868959209	-0.00536896110639227	-0.02484064361212	-0.0227155393235968
"V9*V11"	-0.0844431399602104	-0.185763863993747	-0.169238558340967	-0.151459594183771	-0.170256281652238	-0.15481020017774	-0.151418558700008	-0.139073025409082	-0.14121465208867	-0.104777801611964
"V10*V11"	-0.170382811338699	-0.181705590014978	0.098494783935796	0.0754859350287911	0.406113238103752	-0.290847813946173	-0.109821094954929	-0.15767302881928	-0.163337088495791	0.209979529825497
"V1*V12"	0.150862950453183	0.291326044897825	0.188677368931711	0.38784097029438	0.133762480602194	0.279664247418366	0.222537136150382	0.122105870503515	0.303712931574442	0.292965885106539
"V2*V12"	0.651555398421088	0.35156962402779	0.365206736727012	1.53874604185848	1.41778062831372	0.36343134563054	0.66605651655574	1.42484232110627	0.967260509441546	0.240662261467167
"V3*V12"	1.06608558489211	2.0306754878018	2.42343850591597	1.75876697270964	3.87266887003129	2.03711565330878	2.427279921554	1.44838692543791	2.57303333021778	2.72113464921233
"V4*V12"	0.832172244694212	0.700383891675737	0.61029195021216	1.02888160618313	0.403683193165762	0.481924420358831	0.0320670804898082	0.874102460209369	1.24150317841621	0.287606214513148
"V5*V12"	-1.12682264543096	-1.66782762592554	-1.60535468908995	-2.34230164497976	-1.78782353646416	-1.40051714729765	-1.5117273453697	-1.36809411918852	-1.29260053123166	-1.19603379905882
"V6*V12"	0.908779556667054	1.12252784891973	0.567762543188595	0.533437295638994	0.717680939811381	0.340353104971474	0.430532604100797	0.825040154872463	1.19277049718038	0.879766707996706
"V7*V12"	0.961984041897558	0.588840851321764	0.835454403621934	1.16853420708209	0.626495433688588	0.156104392442006	0.739932014919897	0.677001833973192	1.00130216884199	0.610426731327862
"V8*V12"	0.0173424422707655	0.0292114023861525	0.0317042672278938	0.0216597200205395	0.0161826334425253	0.0222760822325597	0.0196746367973861	0.00853333379227122	0.0264544166984763	0.0238997446603879
"V9*V12"	0.114259254163018	0.212721891786239	0.177316225367304	0.200788564729727	0.203121539793799	0.167784073848575	0.192166038504387	0.176204466716509	0.188739121116633	0.140941700088747
"V10*V12"	0.140107754491607	0.229090320025722	0.0539838926896324	0.122750205904774	-0.287335106895197	0.331084768576545	0.194861754362585	0.219876934001989	0.237202837089284	-0.177094276046691
"V11*V12"	-0.719131138138735	-0.55982098201991	-0.417045060304572	-0.534853031290705	-0.598059951322546	-0.651660260765083	-0.473994899084641	-0.539064504242536	-0.572432159175947	-0.69108428201945
